symbol,direction,entry_dt,exit_dt,entry,exit,stop_loss,take_profit,size,pnl_pips,pnl_gross,pnl,bars_held,exit_reason,adx_entry,atr_entry,ema_distance,trend_gap,session,year
AUDUSD,-1,2019-01-14 15:00:00,2019-01-14 17:00:00,0.71925,0.72087,0.72087,0.71601,0.6168,-16.2,-100.0,-100.01,2,stop_loss,21.09881,0.00108,-0.04376,5.0221,london,2019
AUDUSD,1,2019-01-15 03:00:00,2019-01-15 13:00:00,0.72071,0.71987,0.7193,0.72353,0.7023,-8.4,-58.99,-59.0,10,time_exit,13.51073,0.00094,1.24066,5.30114,tokyo,2019
AUDUSD,-1,2019-01-16 16:00:00,2019-01-16 17:00:00,0.71716,0.71879,0.71879,0.71391,0.605,-16.3,-98.4,-98.41,1,stop_loss,17.76527,0.00108,-2.18242,3.08416,new_york,2019
AUDUSD,1,2019-01-16 21:00:00,2019-01-17 03:00:00,0.71786,0.71632,0.71632,0.72093,0.6337,-15.4,-97.42,-97.42,6,stop_loss,18.31639,0.00102,-1.35738,2.90749,new_york,2019
AUDUSD,-1,2019-01-17 06:00:00,2019-01-17 16:00:00,0.71661,0.71634,0.71811,0.7136,0.6416,2.7,17.32,17.32,10,time_exit,24.97192,0.001,-1.9584,2.23123,tokyo,2019
AUDUSD,1,2019-01-17 22:00:00,2019-01-18 08:00:00,0.72003,0.71944,0.71811,0.72388,0.5024,-5.9,-29.64,-29.64,10,time_exit,27.28104,0.00128,1.80327,1.04155,,2019
AUDUSD,-1,2019-01-21 01:00:00,2019-01-21 04:00:00,0.71612,0.71776,0.71776,0.71284,0.5871,-16.4,-96.32,-96.33,3,stop_loss,23.98073,0.00109,-1.76739,1.07642,tokyo,2019
AUDUSD,-1,2019-01-23 13:00:00,2019-01-23 23:00:00,0.71383,0.71407,0.71511,0.71127,0.744,-2.4,-17.86,-17.86,10,time_exit,24.00325,0.00085,-0.32753,-1.82536,london,2019
AUDUSD,1,2019-01-23 23:00:00,2019-01-24 04:00:00,0.71431,0.71307,0.71307,0.7168,0.7651,-12.4,-95.18,-95.18,5,stop_loss,16.80191,0.00083,0.40789,-1.80867,,2019
AUDUSD,-1,2019-01-24 07:00:00,2019-01-24 17:00:00,0.71096,0.71038,0.71267,0.70753,0.5496,5.8,31.88,31.87,10,time_exit,19.03008,0.00114,-2.56748,-1.26508,tokyo,2019
AUDUSD,-1,2019-01-28 05:00:00,2019-01-28 15:00:00,0.71941,0.71721,0.72118,0.71586,0.5334,22.0,117.35,117.35,10,time_exit,44.6054,0.00118,4.64791,-0.35026,tokyo,2019
AUDUSD,1,2019-01-29 10:00:00,2019-01-29 17:00:00,0.71601,0.71444,0.71444,0.71914,0.6114,-15.7,-95.73,-95.73,7,stop_loss,20.90423,0.00104,0.09249,0.85611,london,2019
AUDUSD,1,2019-01-30 15:00:00,2019-01-30 21:00:00,0.71922,0.72196,0.71785,0.72196,0.6905,27.4,189.54,189.53,6,take_profit,33.80688,0.00091,2.11007,1.79441,london,2019
AUDUSD,1,2019-01-30 23:00:00,2019-01-31 09:00:00,0.72485,0.72696,0.72269,0.72918,0.4467,21.1,94.25,94.25,10,time_exit,32.5687,0.00144,4.52033,1.57749,,2019
AUDUSD,-1,2019-02-01 14:00:00,2019-02-01 15:00:00,0.72597,0.72754,0.72754,0.72283,0.6222,-15.7,-97.61,-97.61,1,stop_loss,28.57706,0.00105,1.53261,4.83787,london,2019
AUDUSD,-1,2019-02-01 17:00:00,2019-02-04 03:00:00,0.72578,0.72387,0.7275,0.72233,0.561,19.1,107.15,107.15,10,time_exit,30.19219,0.00115,1.03845,4.41075,new_york,2019
AUDUSD,-1,2019-02-04 07:00:00,2019-02-04 17:00:00,0.72264,0.72191,0.7242,0.71951,0.6248,7.3,45.61,45.61,10,time_exit,20.82027,0.00104,-1.82561,4.18593,tokyo,2019
AUDUSD,1,2019-02-06 21:00:00,2019-02-07 07:00:00,0.71119,0.70951,0.70951,0.71456,0.5832,-16.8,-98.17,-98.17,10,stop_loss,51.92872,0.00112,-6.52092,-1.37337,new_york,2019
AUDUSD,-1,2019-02-08 00:00:00,2019-02-08 02:00:00,0.71006,0.70707,0.71155,0.70707,0.6503,29.9,194.35,194.35,2,take_profit,39.99732,0.001,-2.79696,-4.66077,tokyo,2019
AUDUSD,1,2019-02-08 14:00:00,2019-02-11 00:00:00,0.70804,0.70893,0.7064,0.71133,0.6031,8.9,53.68,53.67,10,time_exit,33.64414,0.0011,-2.67519,-5.05168,london,2019
AUDUSD,1,2019-02-11 04:00:00,2019-02-11 11:00:00,0.70987,0.70832,0.70832,0.71298,0.6417,-15.5,-99.66,-99.66,7,stop_loss,22.18099,0.00104,-0.33674,-5.14961,tokyo,2019
AUDUSD,1,2019-02-11 13:00:00,2019-02-11 15:00:00,0.70837,0.70692,0.70692,0.71127,0.6807,-14.5,-98.65,-98.66,2,stop_loss,20.75337,0.00097,-1.61298,-5.26851,london,2019
AUDUSD,-1,2019-02-12 04:00:00,2019-02-12 14:00:00,0.70814,0.70907,0.70962,0.70518,0.6603,-9.3,-61.41,-61.41,10,time_exit,22.59133,0.00099,-0.42774,-5.48172,tokyo,2019
AUDUSD,1,2019-02-12 20:00:00,2019-02-13 03:00:00,0.70954,0.71227,0.70818,0.71227,0.712,27.3,194.13,194.12,7,take_profit,17.96231,0.00091,1.15975,-5.02193,new_york,2019
AUDUSD,1,2019-02-14 16:00:00,2019-02-14 17:00:00,0.71122,0.70958,0.70958,0.7145,0.6037,-16.4,-99.01,-99.01,1,stop_loss,17.73457,0.00109,0.737,-1.68392,new_york,2019
AUDUSD,1,2019-02-15 18:00:00,2019-02-18 03:00:00,0.71192,0.71506,0.71035,0.71506,0.6247,31.4,196.03,196.03,9,take_profit,17.08365,0.00105,1.6342,-1.46943,new_york,2019
AUDUSD,1,2019-02-18 08:00:00,2019-02-18 18:00:00,0.71466,0.71335,0.71335,0.71727,0.7657,-13.1,-99.98,-99.98,10,stop_loss,27.74715,0.00087,3.04041,-0.08185,tokyo,2019
AUDUSD,-1,2019-02-18 19:00:00,2019-02-19 02:00:00,0.71262,0.71401,0.71401,0.70984,0.7128,-13.9,-98.97,-98.97,7,stop_loss,27.48928,0.00093,-0.46138,0.71581,new_york,2019
AUDUSD,-1,2019-02-19 02:00:00,2019-02-19 05:00:00,0.71311,0.71088,0.71422,0.71088,0.8802,22.3,195.96,195.96,3,take_profit,25.14214,0.00074,0.10118,0.82032,tokyo,2019
AUDUSD,1,2019-02-21 01:00:00,2019-02-21 02:00:00,0.71658,0.71998,0.71488,0.71998,0.588,34.0,199.88,199.88,1,take_profit,17.69772,0.00113,1.15252,1.65031,tokyo,2019
AUDUSD,1,2019-02-22 07:00:00,2019-02-22 17:00:00,0.70923,0.71396,0.70686,0.71396,0.4309,47.3,203.88,203.88,10,take_profit,15.10585,0.00158,-1.7059,-0.54028,tokyo,2019
AUDUSD,-1,2019-02-22 17:00:00,2019-02-22 19:00:00,0.71283,0.71486,0.71486,0.70878,0.5131,-20.3,-103.98,-103.98,2,stop_loss,13.25295,0.00135,0.80776,-0.66721,new_york,2019
AUDUSD,-1,2019-02-25 05:00:00,2019-02-25 09:00:00,0.71369,0.7157,0.7157,0.70966,0.5114,-20.1,-102.94,-102.94,4,stop_loss,24.55058,0.00134,0.75984,-0.09791,tokyo,2019
AUDUSD,-1,2019-03-05 14:00:00,2019-03-06 00:00:00,0.70785,0.70762,0.70925,0.70504,0.7266,2.3,16.71,16.71,10,time_exit,10.9074,0.00094,-1.02872,-2.97849,london,2019
AUDUSD,1,2019-03-07 10:00:00,2019-03-07 18:00:00,0.704,0.70272,0.70272,0.70657,0.7949,-12.8,-102.08,-102.08,8,stop_loss,21.56527,0.00086,-1.11752,-4.84615,london,2019
AUDUSD,1,2019-03-07 23:00:00,2019-03-08 09:00:00,0.70086,0.70069,0.69955,0.70348,0.7725,-1.7,-13.13,-13.13,10,time_exit,25.45268,0.00087,-3.86835,-4.77589,,2019
AUDUSD,-1,2019-03-08 09:00:00,2019-03-08 11:00:00,0.70089,0.70234,0.70234,0.69799,0.6955,-14.5,-100.93,-100.93,2,stop_loss,22.86169,0.00097,-2.47921,-4.58572,london,2019
AUDUSD,1,2019-03-08 11:00:00,2019-03-08 15:00:00,0.70156,0.70444,0.70012,0.70444,0.6935,28.8,199.84,199.84,4,take_profit,21.91685,0.00096,-1.63659,-4.6557,london,2019
AUDUSD,-1,2019-03-12 17:00:00,2019-03-13 02:00:00,0.70845,0.70573,0.70981,0.70573,0.7492,27.2,203.84,203.83,9,take_profit,28.80147,0.00091,2.89544,-1.01122,new_york,2019
AUDUSD,-1,2019-03-14 06:00:00,2019-03-14 13:00:00,0.70712,0.70429,0.70853,0.70429,0.7355,28.3,207.92,207.91,7,take_profit,23.2151,0.00094,-0.01727,0.20249,tokyo,2019
AUDUSD,-1,2019-03-15 08:00:00,2019-03-15 18:00:00,0.70808,0.7094,0.7094,0.70545,0.8058,-13.2,-106.03,-106.03,10,stop_loss,18.50652,0.00088,1.50596,-0.03594,tokyo,2019
AUDUSD,1,2019-03-19 19:00:00,2019-03-19 21:00:00,0.71015,0.70897,0.70897,0.7125,0.8922,-11.8,-104.97,-104.98,2,stop_loss,10.90542,0.00078,0.67242,1.91307,new_york,2019
AUDUSD,-1,2019-03-20 12:00:00,2019-03-20 15:00:00,0.70847,0.70964,0.70964,0.70614,0.8918,-11.7,-103.92,-103.92,3,stop_loss,27.22313,0.00078,-0.52803,0.97336,london,2019
AUDUSD,-1,2019-03-20 15:00:00,2019-03-20 21:00:00,0.70945,0.71059,0.71059,0.70717,0.9032,-11.4,-102.88,-102.88,6,stop_loss,22.25497,0.00076,0.68545,1.01433,london,2019
AUDUSD,-1,2019-03-21 12:00:00,2019-03-21 19:00:00,0.71379,0.71002,0.71568,0.71002,0.5403,37.7,203.72,203.72,7,take_profit,35.77286,0.00126,1.93448,1.84243,london,2019
AUDUSD,1,2019-03-22 00:00:00,2019-03-22 04:00:00,0.7114,0.70957,0.70957,0.71507,0.5664,-18.3,-103.89,-103.89,4,stop_loss,24.70362,0.00122,-0.25625,1.75275,tokyo,2019
AUDUSD,1,2019-03-22 22:00:00,2019-03-25 08:00:00,0.70825,0.70824,0.70652,0.71171,0.5942,-0.1,-0.59,-0.6,10,time_exit,26.21923,0.00115,-1.87372,0.83257,,2019
AUDUSD,-1,2019-03-27 10:00:00,2019-03-27 18:00:00,0.71036,0.70784,0.71162,0.70784,0.8162,25.2,205.69,205.69,8,take_profit,37.16376,0.00084,-1.56637,1.68745,london,2019
AUDUSD,-1,2019-03-28 07:00:00,2019-03-28 17:00:00,0.7094,0.70829,0.71087,0.70646,0.7128,11.1,79.12,79.12,10,time_exit,35.35009,0.00098,-0.59678,0.01138,tokyo,2019
AUDUSD,-1,2019-03-29 03:00:00,2019-03-29 09:00:00,0.70824,0.70968,0.70968,0.70536,0.7337,-14.4,-105.69,-105.7,6,stop_loss,27.20917,0.00096,-0.80244,-0.69351,tokyo,2019
AUDUSD,-1,2019-03-29 11:00:00,2019-03-29 16:00:00,0.70896,0.71035,0.71035,0.70618,0.7539,-13.9,-104.63,-104.63,5,stop_loss,18.8283,0.00093,-0.04125,-0.67224,london,2019
AUDUSD,-1,2019-04-02 08:00:00,2019-04-02 18:00:00,0.70797,0.70577,0.70964,0.70464,0.6215,22.0,136.73,136.73,10,time_exit,20.0971,0.00111,-2.4139,0.5033,tokyo,2019
AUDUSD,1,2019-04-03 00:00:00,2019-04-03 02:00:00,0.70705,0.70565,0.70565,0.70985,0.7507,-14.0,-104.96,-104.96,2,stop_loss,34.34779,0.00093,-1.94341,-0.76705,tokyo,2019
AUDUSD,-1,2019-04-05 07:00:00,2019-04-05 16:00:00,0.71215,0.70998,0.71323,0.70998,0.9584,21.7,207.82,207.82,9,take_profit,14.25535,0.00072,1.39604,1.14081,tokyo,2019
AUDUSD,1,2019-04-08 03:00:00,2019-04-08 06:00:00,0.71001,0.70889,0.70889,0.71224,0.95,-11.2,-105.99,-105.99,3,stop_loss,10.39723,0.00074,-1.39995,0.79197,tokyo,2019
AUDUSD,1,2019-04-08 18:00:00,2019-04-09 04:00:00,0.71217,0.7123,0.71104,0.71442,0.9315,1.3,12.11,12.11,10,time_exit,18.59523,0.00075,1.85439,0.44454,new_york,2019
AUDUSD,-1,2019-04-09 12:00:00,2019-04-09 18:00:00,0.71499,0.71279,0.71609,0.71279,0.9561,22.0,210.1,210.1,6,take_profit,39.75895,0.00073,4.0768,1.54149,london,2019
AUDUSD,-1,2019-04-11 08:00:00,2019-04-11 15:00:00,0.71626,0.71388,0.71745,0.71388,0.9007,23.8,214.29,214.29,7,take_profit,23.22304,0.00079,2.12228,2.97989,tokyo,2019
AUDUSD,-1,2019-04-11 23:00:00,2019-04-12 07:00:00,0.71232,0.71354,0.71354,0.70987,0.8927,-12.2,-109.29,-109.29,8,stop_loss,29.09446,0.00082,-2.48903,2.26859,,2019
AUDUSD,-1,2019-04-12 16:00:00,2019-04-15 02:00:00,0.71837,0.71705,0.7199,0.71531,0.7082,13.2,93.48,93.48,10,time_exit,31.8761,0.00102,4.02198,1.52057,new_york,2019
AUDUSD,1,2019-04-16 07:00:00,2019-04-16 16:00:00,0.71482,0.71738,0.71354,0.71738,0.8511,25.6,218.25,218.25,9,take_profit,21.3958,0.00085,-1.84144,2.63211,tokyo,2019
AUDUSD,1,2019-04-17 19:00:00,2019-04-18 05:00:00,0.71669,0.71801,0.71499,0.72009,0.6539,13.2,86.31,86.31,10,time_exit,29.97751,0.00113,-0.76462,2.106,new_york,2019
AUDUSD,-1,2019-04-22 05:00:00,2019-04-22 15:00:00,0.7141,0.71287,0.71499,0.71232,1.2636,12.3,155.42,155.42,10,time_exit,17.25583,0.00059,-2.22667,0.14359,tokyo,2019
AUDUSD,1,2019-04-22 22:00:00,2019-04-23 03:00:00,0.71306,0.71224,0.71224,0.7147,1.383,-8.2,-113.73,-113.73,5,stop_loss,28.91082,0.00055,-2.6026,-1.03774,,2019
AUDUSD,-1,2019-04-23 20:00:00,2019-04-24 04:00:00,0.70955,0.70734,0.71066,0.70734,1.018,22.1,225.2,225.2,8,take_profit,61.9149,0.00074,-4.3098,-2.27857,new_york,2019
AUDUSD,1,2019-04-24 06:00:00,2019-04-24 16:00:00,0.70387,0.7028,0.70231,0.70699,0.737,-10.7,-78.86,-78.86,10,time_exit,62.10384,0.00104,-7.1277,-2.46449,tokyo,2019
AUDUSD,-1,2019-05-01 10:00:00,2019-05-01 11:00:00,0.70476,0.70584,0.70584,0.70259,1.053,-10.8,-114.06,-114.06,1,stop_loss,10.39303,0.00072,-0.08202,-2.83059,london,2019
AUDUSD,1,2019-05-02 14:00:00,2019-05-02 15:00:00,0.70214,0.70094,0.70094,0.70453,0.9435,-12.0,-112.92,-112.93,1,stop_loss,20.42598,0.0008,-1.57316,-3.14697,london,2019
AUDUSD,-1,2019-05-02 15:00:00,2019-05-02 18:00:00,0.702,0.69965,0.70317,0.69965,0.9517,23.5,223.57,223.57,3,take_profit,20.25628,0.00078,-1.71191,-3.22689,london,2019
AUDUSD,1,2019-05-03 14:00:00,2019-05-03 17:00:00,0.69928,0.70144,0.6982,0.70144,1.0581,21.6,228.05,228.05,3,take_profit,47.03651,0.00072,-2.65807,-4.79318,london,2019
AUDUSD,-1,2019-05-06 01:00:00,2019-05-06 10:00:00,0.69826,0.70002,0.70002,0.69475,0.6624,-17.6,-116.3,-116.31,9,stop_loss,33.57083,0.00117,-2.52171,-2.63404,tokyo,2019
AUDUSD,-1,2019-05-07 18:00:00,2019-05-08 04:00:00,0.70072,0.70203,0.7024,0.69735,0.6835,-13.1,-89.54,-89.54,10,time_exit,16.95594,0.00112,0.1441,-2.02118,new_york,2019
AUDUSD,1,2019-05-09 06:00:00,2019-05-09 16:00:00,0.69721,0.69783,0.69584,0.69994,0.8355,6.2,51.8,51.8,10,time_exit,22.73124,0.00091,-3.18158,-2.14193,tokyo,2019
AUDUSD,1,2019-05-14 10:00:00,2019-05-14 11:00:00,0.69521,0.69407,0.69407,0.69749,1.0074,-11.4,-114.77,-114.77,1,stop_loss,26.88479,0.00076,-2.13102,-3.72006,london,2019
AUDUSD,1,2019-05-15 10:00:00,2019-05-15 12:00:00,0.69293,0.69185,0.69185,0.69509,1.0513,-10.8,-113.62,-113.62,2,stop_loss,30.17149,0.00072,-2.8708,-4.78029,london,2019
AUDUSD,1,2019-05-15 13:00:00,2019-05-15 23:00:00,0.69181,0.6929,0.69063,0.69417,0.9537,10.9,103.95,103.95,10,time_exit,34.96519,0.00079,-3.67091,-4.53481,london,2019
AUDUSD,-1,2019-05-16 23:00:00,2019-05-17 09:00:00,0.68915,0.68879,0.69034,0.68678,0.9567,3.6,34.44,34.44,10,time_exit,34.77524,0.00079,-3.88304,-5.20093,,2019
AUDUSD,-1,2019-05-17 18:00:00,2019-05-20 00:00:00,0.68766,0.68878,0.68878,0.68543,1.0211,-11.2,-113.86,-113.86,6,stop_loss,39.40794,0.00074,-3.40338,-6.46028,new_york,2019
AUDUSD,-1,2019-05-20 08:00:00,2019-05-20 18:00:00,0.69203,0.69127,0.69344,0.68921,0.7988,7.6,60.71,60.71,10,time_exit,40.48375,0.00094,2.27363,-4.61984,tokyo,2019
AUDUSD,1,2019-05-21 16:00:00,2019-05-22 02:00:00,0.68792,0.68826,0.68653,0.6907,0.8164,3.4,27.76,27.76,10,time_exit,29.64597,0.00093,-2.06508,-3.58472,new_york,2019
AUDUSD,1,2019-05-22 14:00:00,2019-05-22 17:00:00,0.6889,0.68767,0.68767,0.69135,0.9273,-12.3,-113.61,-113.61,3,stop_loss,21.12034,0.00082,0.05885,-4.04383,london,2019
AUDUSD,-1,2019-05-22 18:00:00,2019-05-23 04:00:00,0.6876,0.68716,0.68885,0.6851,0.8999,4.4,39.6,39.59,10,time_exit,17.63588,0.00083,-1.41704,-3.88961,new_york,2019
AUDUSD,1,2019-05-24 00:00:00,2019-05-24 04:00:00,0.68982,0.68873,0.68873,0.692,1.0377,-10.9,-112.87,-112.87,4,stop_loss,20.5178,0.00073,2.09566,-3.58731,tokyo,2019
AUDUSD,-1,2019-05-24 18:00:00,2019-05-24 21:00:00,0.69151,0.69273,0.69273,0.68907,0.9145,-12.2,-111.74,-111.75,3,stop_loss,23.07759,0.00081,2.82298,-1.9633,new_york,2019
AUDUSD,-1,2019-05-27 02:00:00,2019-05-27 12:00:00,0.69305,0.69217,0.69409,0.69096,1.0599,8.8,93.27,93.27,10,time_exit,37.10377,0.0007,4.17945,-1.15539,tokyo,2019
AUDUSD,1,2019-05-28 09:00:00,2019-05-28 10:00:00,0.69284,0.69205,0.69205,0.69441,1.4207,-7.9,-111.56,-111.56,1,stop_loss,20.64106,0.00052,2.22959,0.66622,london,2019
AUDUSD,-1,2019-05-30 21:00:00,2019-05-31 07:00:00,0.69156,0.69149,0.69271,0.68926,0.962,0.7,6.73,6.73,10,time_exit,24.56044,0.00077,-0.5821,0.41472,new_york,2019
AUDUSD,1,2019-05-31 07:00:00,2019-05-31 17:00:00,0.69138,0.69399,0.69008,0.69399,0.8475,26.1,221.03,221.02,10,take_profit,31.10864,0.00087,-0.38551,0.08522,tokyo,2019
AUDUSD,-1,2019-06-03 21:00:00,2019-06-04 07:00:00,0.69751,0.69897,0.69897,0.69458,0.7703,-14.6,-112.71,-112.72,10,stop_loss,32.87801,0.00098,3.74152,1.52272,new_york,2019
AUDUSD,1,2019-06-05 22:00:00,2019-06-06 08:00:00,0.6965,0.69739,0.695,0.69949,0.7457,8.9,66.37,66.37,10,time_exit,21.13649,0.001,-1.48444,3.2301,,2019
AUDUSD,1,2019-06-06 16:00:00,2019-06-06 21:00:00,0.69884,0.69755,0.69755,0.70141,0.8728,-12.9,-112.25,-112.26,5,stop_loss,24.55342,0.00086,1.31877,2.9242,new_york,2019
AUDUSD,1,2019-06-07 14:00:00,2019-06-07 15:00:00,0.6969,0.69893,0.69589,0.69893,1.0949,20.3,222.26,222.26,1,take_profit,20.90427,0.00068,-0.98993,2.81398,london,2019
AUDUSD,-1,2019-06-10 02:00:00,2019-06-10 08:00:00,0.69947,0.69682,0.7008,0.69682,0.854,26.5,226.72,226.71,6,take_profit,35.47751,0.00088,1.10485,2.6454,tokyo,2019
AUDUSD,1,2019-06-10 16:00:00,2019-06-10 20:00:00,0.69695,0.69576,0.69576,0.69933,0.9734,-11.9,-115.63,-115.63,4,stop_loss,23.50015,0.00079,-1.22746,2.05323,new_york,2019
AUDUSD,1,2019-06-10 21:00:00,2019-06-11 07:00:00,0.69592,0.6958,0.69475,0.69827,0.976,-1.2,-11.71,-11.71,10,time_exit,21.02699,0.00078,-2.22074,1.71059,new_york,2019
AUDUSD,1,2019-06-11 07:00:00,2019-06-11 17:00:00,0.69569,0.69556,0.6946,0.69787,1.051,-1.3,-13.66,-13.67,10,time_exit,21.13845,0.00073,-1.9031,1.11263,tokyo,2019
AUDUSD,-1,2019-06-12 02:00:00,2019-06-12 12:00:00,0.69605,0.69494,0.69701,0.69414,1.1929,11.1,132.41,132.41,10,time_exit,17.77066,0.00064,-0.51308,0.32302,tokyo,2019
AUDUSD,1,2019-06-13 05:00:00,2019-06-13 06:00:00,0.69215,0.69103,0.69103,0.69438,1.0358,-11.2,-115.54,-115.54,1,stop_loss,22.53222,0.00074,-3.51342,-1.25666,tokyo,2019
AUDUSD,-1,2019-06-13 11:00:00,2019-06-13 21:00:00,0.69122,0.69159,0.69237,0.68892,0.9932,-3.7,-36.75,-36.75,10,time_exit,29.21189,0.00077,-3.58713,-1.89293,london,2019
AUDUSD,-1,2019-06-13 21:00:00,2019-06-14 04:00:00,0.69163,0.68953,0.69268,0.68953,1.0842,21.0,228.04,228.04,7,take_profit,23.00727,0.0007,-1.97868,-2.84399,new_york,2019
AUDUSD,-1,2019-06-14 17:00:00,2019-06-17 03:00:00,0.6883,0.68798,0.68946,0.68598,1.0044,3.2,32.14,32.14,10,time_exit,22.93543,0.00077,-3.98433,-3.57454,new_york,2019
AUDUSD,1,2019-06-18 08:00:00,2019-06-18 16:00:00,0.6839,0.68597,0.68287,0.68597,1.1287,20.7,233.23,233.22,8,take_profit,44.28341,0.00069,-4.58945,-6.59766,tokyo,2019
AUDUSD,1,2019-06-20 05:00:00,2019-06-20 12:00:00,0.68931,0.69242,0.68776,0.69242,0.7657,31.1,237.9,237.89,7,take_profit,36.96285,0.00104,1.8189,-2.45978,tokyo,2019
AUDUSD,1,2019-06-21 07:00:00,2019-06-21 10:00:00,0.69299,0.69163,0.69163,0.69571,0.893,-13.6,-121.33,-121.33,3,stop_loss,40.8481,0.00091,2.81856,0.02632,tokyo,2019
AUDUSD,1,2019-06-21 11:00:00,2019-06-21 14:00:00,0.6919,0.69055,0.69055,0.69461,0.8869,-13.5,-120.12,-120.12,3,stop_loss,35.55391,0.0009,1.2714,0.28108,london,2019
AUDUSD,-1,2019-06-24 05:00:00,2019-06-24 15:00:00,0.69507,0.69514,0.6964,0.69241,0.8945,-0.7,-6.26,-6.26,10,time_exit,31.3188,0.00089,3.70246,1.0697,tokyo,2019
AUDUSD,-1,2019-06-26 03:00:00,2019-06-26 09:00:00,0.69604,0.69737,0.69737,0.69338,0.8939,-13.3,-118.85,-118.85,6,stop_loss,29.94263,0.00089,0.6583,3.03814,tokyo,2019
AUDUSD,1,2019-06-26 10:00:00,2019-06-26 20:00:00,0.69741,0.6987,0.69608,0.70006,0.888,12.9,114.55,114.55,10,time_exit,23.67982,0.00088,1.90977,3.07043,london,2019
AUDUSD,-1,2019-06-28 05:00:00,2019-06-28 07:00:00,0.70012,0.701,0.701,0.69835,1.3448,-8.8,-118.81,-118.81,2,stop_loss,35.11601,0.00059,1.96729,6.29523,tokyo,2019
AUDUSD,-1,2019-07-03 03:00:00,2019-07-03 11:00:00,0.69942,0.70043,0.70043,0.6974,1.1624,-10.1,-117.62,-117.63,8,stop_loss,15.64084,0.00067,0.80131,2.40967,tokyo,2019
AUDUSD,1,2019-07-03 15:00:00,2019-07-04 01:00:00,0.70196,0.70339,0.70082,0.70424,1.0219,14.3,146.13,146.13,10,time_exit,17.32399,0.00076,3.33917,2.41739,london,2019
AUDUSD,-1,2019-07-05 12:00:00,2019-07-05 15:00:00,0.70176,0.70014,0.70257,0.70014,1.4567,16.2,235.81,235.8,3,take_profit,14.08112,0.00054,-0.31469,4.69266,london,2019
AUDUSD,-1,2019-07-08 01:00:00,2019-07-08 10:00:00,0.69804,0.69922,0.69922,0.69568,1.0213,-11.8,-120.26,-120.26,9,stop_loss,38.71335,0.00079,-3.20114,1.56782,tokyo,2019
AUDUSD,1,2019-07-09 17:00:00,2019-07-10 03:00:00,0.69245,0.69244,0.69127,0.6948,1.0124,-0.1,-1.01,-1.01,10,time_exit,48.06981,0.00078,-5.69386,-1.91297,new_york,2019
AUDUSD,1,2019-07-10 20:00:00,2019-07-11 06:00:00,0.69654,0.69759,0.69503,0.69956,0.7878,10.5,82.72,82.72,10,time_exit,39.09647,0.00101,2.00196,-2.61255,new_york,2019
AUDUSD,-1,2019-07-11 13:00:00,2019-07-11 23:00:00,0.69796,0.69752,0.69919,0.69549,0.9721,4.4,42.77,42.77,10,time_exit,34.44273,0.00082,2.74597,-1.70243,london,2019
AUDUSD,-1,2019-07-12 11:00:00,2019-07-12 19:00:00,0.69992,0.70109,0.70109,0.69757,1.0245,-11.7,-120.3,-120.31,8,stop_loss,26.13216,0.00078,3.29834,-0.0351,london,2019
AUDUSD,-1,2019-07-16 05:00:00,2019-07-16 15:00:00,0.7036,0.7029,0.70448,0.70183,1.346,7.0,94.22,94.22,10,time_exit,31.35464,0.00059,2.8973,4.70377,tokyo,2019
AUDUSD,-1,2019-07-17 23:00:00,2019-07-18 04:00:00,0.70115,0.70216,0.70216,0.69913,1.188,-10.1,-120.04,-120.05,5,stop_loss,21.25415,0.00067,-0.6093,2.30424,,2019
AUDUSD,-1,2019-07-19 02:00:00,2019-07-19 03:00:00,0.7057,0.70716,0.70716,0.70278,0.8127,-14.6,-118.85,-118.85,1,stop_loss,36.71374,0.00097,2.52804,2.42364,tokyo,2019
AUDUSD,1,2019-07-19 05:00:00,2019-07-19 11:00:00,0.70758,0.70612,0.70612,0.71049,0.8086,-14.6,-117.66,-117.66,6,stop_loss,35.55857,0.00097,4.01893,2.69602,tokyo,2019
AUDUSD,1,2019-07-22 01:00:00,2019-07-22 11:00:00,0.70435,0.70422,0.70301,0.70703,0.8707,-1.3,-11.32,-11.32,10,time_exit,22.19244,0.00089,-0.26024,3.05738,tokyo,2019
AUDUSD,-1,2019-07-22 12:00:00,2019-07-22 14:00:00,0.70423,0.70538,0.70538,0.70193,1.0126,-11.5,-116.36,-116.37,2,stop_loss,24.41892,0.00077,-0.21785,2.99779,london,2019
AUDUSD,1,2019-07-22 18:00:00,2019-07-22 22:00:00,0.70456,0.70335,0.70335,0.70698,0.9515,-12.1,-115.21,-115.21,4,stop_loss,20.67806,0.00081,0.09923,2.75452,new_york,2019
AUDUSD,-1,2019-07-23 09:00:00,2019-07-23 11:00:00,0.70182,0.70275,0.70275,0.69997,1.2297,-9.3,-114.04,-114.05,2,stop_loss,27.73092,0.00062,-3.2486,2.35781,london,2019
AUDUSD,-1,2019-07-24 08:00:00,2019-07-24 18:00:00,0.69818,0.6977,0.69917,0.69619,1.1362,4.8,54.54,54.54,10,time_exit,34.82364,0.00066,-5.10516,-0.60155,tokyo,2019
AUDUSD,-1,2019-07-25 03:00:00,2019-07-25 13:00:00,0.69778,0.6969,0.69867,0.696,1.2723,8.8,111.96,111.96,10,time_exit,27.01038,0.00059,-3.08598,-2.76401,tokyo,2019
AUDUSD,1,2019-07-25 15:00:00,2019-07-25 16:00:00,0.69681,0.69583,0.69583,0.69877,1.1694,-9.8,-114.58,-114.58,1,stop_loss,28.34722,0.00065,-2.8484,-3.26557,london,2019
AUDUSD,1,2019-07-25 21:00:00,2019-07-26 07:00:00,0.69488,0.69444,0.6936,0.69743,0.8884,-4.4,-39.09,-39.09,10,time_exit,33.34001,0.00085,-3.65286,-2.9358,new_york,2019
AUDUSD,1,2019-07-31 05:00:00,2019-07-31 15:00:00,0.68839,0.6892,0.68728,0.69062,1.0142,8.1,82.15,82.15,10,time_exit,40.71629,0.00074,-1.41409,-7.27958,tokyo,2019
AUDUSD,-1,2019-08-01 14:00:00,2019-08-01 18:00:00,0.68457,0.68607,0.68607,0.68157,0.7596,-15.0,-113.86,-113.86,4,stop_loss,34.21975,0.001,-2.42385,-5.54335,london,2019
AUDUSD,-1,2019-08-02 10:00:00,2019-08-02 15:00:00,0.68156,0.67824,0.68322,0.67824,0.6782,33.2,225.45,225.45,5,take_profit,31.6196,0.00111,-2.25989,-5.89871,london,2019
AUDUSD,-1,2019-08-02 23:00:00,2019-08-05 04:00:00,0.67967,0.6762,0.6814,0.6762,0.6627,34.7,229.94,229.94,5,take_profit,35.32343,0.00116,-2.19664,-6.08077,,2019
AUDUSD,-1,2019-08-06 02:00:00,2019-08-06 04:00:00,0.67644,0.67814,0.67814,0.67304,0.6899,-17.0,-117.27,-117.27,2,stop_loss,33.35415,0.00113,-2.08131,-6.70544,tokyo,2019
AUDUSD,1,2019-08-06 08:00:00,2019-08-06 18:00:00,0.67761,0.67685,0.67562,0.6816,0.5821,-7.6,-44.24,-44.24,10,time_exit,27.04147,0.00133,-0.75222,-5.49395,tokyo,2019
AUDUSD,-1,2019-08-07 05:00:00,2019-08-07 06:00:00,0.67811,0.67513,0.6796,0.67513,0.7756,29.8,231.32,231.32,1,take_profit,20.67837,0.00099,0.3057,-6.51391,tokyo,2019
AUDUSD,-1,2019-08-07 15:00:00,2019-08-07 17:00:00,0.67365,0.67567,0.67567,0.66961,0.5842,-20.2,-117.98,-117.98,2,stop_loss,25.24377,0.00135,-1.71058,-5.33055,london,2019
AUDUSD,-1,2019-08-07 20:00:00,2019-08-08 04:00:00,0.6761,0.67822,0.67822,0.67186,0.5505,-21.2,-116.79,-116.79,8,stop_loss,20.3082,0.00141,0.25583,-4.93101,new_york,2019
AUDUSD,-1,2019-08-09 03:00:00,2019-08-09 13:00:00,0.68107,0.68082,0.68301,0.6772,0.597,2.5,14.92,14.92,10,time_exit,31.0894,0.00129,2.35684,-2.77071,tokyo,2019
AUDUSD,-1,2019-08-09 17:00:00,2019-08-12 03:00:00,0.68064,0.6775,0.68221,0.6775,0.7368,31.4,231.55,231.55,10,take_profit,19.06011,0.00105,1.33099,-2.16026,new_york,2019
AUDUSD,-1,2019-08-12 04:00:00,2019-08-12 05:00:00,0.67769,0.67911,0.67911,0.67486,0.8344,-14.2,-118.09,-118.1,1,stop_loss,20.35912,0.00094,-1.43585,-2.30707,tokyo,2019
AUDUSD,1,2019-08-12 14:00:00,2019-08-13 00:00:00,0.67519,0.67497,0.67379,0.67799,0.8348,-2.2,-18.37,-18.37,10,time_exit,25.90193,0.00093,-3.58906,-2.50489,london,2019
AUDUSD,-1,2019-08-14 09:00:00,2019-08-14 13:00:00,0.6787,0.67565,0.68023,0.67565,0.7648,30.5,233.44,233.44,4,take_profit,30.95595,0.00102,0.64952,-1.57235,london,2019
AUDUSD,-1,2019-08-14 19:00:00,2019-08-15 03:00:00,0.67418,0.67598,0.67598,0.67057,0.66,-18.0,-119.05,-119.05,8,stop_loss,30.95909,0.0012,-2.6176,-1.63832,new_york,2019
AUDUSD,1,2019-08-15 08:00:00,2019-08-15 12:00:00,0.67827,0.67675,0.67675,0.68131,0.7746,-15.2,-117.86,-117.86,4,stop_loss,28.26607,0.00101,1.43512,-2.04127,tokyo,2019
AUDUSD,1,2019-08-16 16:00:00,2019-08-19 02:00:00,0.67809,0.67859,0.67685,0.68056,0.943,5.0,47.15,47.15,10,time_exit,14.73254,0.00082,0.41452,-1.09283,new_york,2019
AUDUSD,-1,2019-08-19 13:00:00,2019-08-19 23:00:00,0.67712,0.67639,0.67825,0.67486,1.0357,7.3,75.61,75.6,10,time_exit,11.23846,0.00075,-0.99918,-0.86721,london,2019
AUDUSD,-1,2019-08-21 17:00:00,2019-08-21 22:00:00,0.67982,0.67779,0.68083,0.67779,1.1618,20.3,235.84,235.84,5,take_profit,33.1803,0.00068,2.63381,-0.29072,new_york,2019
AUDUSD,1,2019-08-23 06:00:00,2019-08-23 15:00:00,0.6762,0.67504,0.67504,0.67852,1.039,-11.6,-120.28,-120.28,9,stop_loss,28.10619,0.00077,-0.90735,-1.17751,tokyo,2019
AUDUSD,1,2019-08-26 04:00:00,2019-08-26 10:00:00,0.67193,0.67608,0.66985,0.67608,0.5732,41.5,238.15,238.15,6,take_profit,27.16948,0.00138,-2.49491,-1.28485,tokyo,2019
AUDUSD,-1,2019-08-26 19:00:00,2019-08-27 05:00:00,0.67808,0.6772,0.67999,0.67426,0.636,8.8,55.97,55.97,10,time_exit,19.7046,0.00127,2.00487,-1.10547,new_york,2019
AUDUSD,1,2019-08-29 11:00:00,2019-08-29 18:00:00,0.67381,0.67268,0.67268,0.67607,1.0821,-11.3,-122.01,-122.01,7,stop_loss,18.55666,0.00075,-0.62479,-2.20516,london,2019
AUDUSD,-1,2019-08-29 21:00:00,2019-08-30 04:00:00,0.67328,0.67091,0.67447,0.67091,1.0186,23.7,241.58,241.57,7,take_profit,15.61105,0.00079,-1.1117,-2.012,new_york,2019
AUDUSD,-1,2019-09-03 00:00:00,2019-09-03 05:00:00,0.67141,0.66928,0.67248,0.66928,1.1567,21.3,246.42,246.41,5,take_profit,11.914,0.00071,-1.37394,-2.70412,tokyo,2019
AUDUSD,1,2019-09-03 14:00:00,2019-09-03 17:00:00,0.67246,0.67499,0.6712,0.67499,0.9938,25.3,251.35,251.35,3,take_profit,15.6017,0.00084,0.52119,-2.32794,london,2019
AUDUSD,-1,2019-09-05 12:00:00,2019-09-05 13:00:00,0.68118,0.68236,0.68236,0.67881,1.0831,-11.8,-128.19,-128.19,1,stop_loss,53.28762,0.00079,3.7905,3.1924,london,2019
AUDUSD,-1,2019-09-05 19:00:00,2019-09-06 05:00:00,0.68201,0.68131,0.68344,0.67915,0.8868,7.0,62.08,62.07,10,time_exit,46.33081,0.00095,3.0487,3.1606,new_york,2019
AUDUSD,1,2019-09-09 00:00:00,2019-09-09 10:00:00,0.68387,0.68554,0.68261,0.68639,1.011,16.7,168.84,168.83,10,time_exit,34.26204,0.00084,3.29134,5.03382,tokyo,2019
AUDUSD,1,2019-09-10 02:00:00,2019-09-10 04:00:00,0.68648,0.68544,0.68544,0.68856,1.2416,-10.4,-129.21,-129.21,2,stop_loss,24.78226,0.00069,2.44471,7.25897,tokyo,2019
AUDUSD,-1,2019-09-13 14:00:00,2019-09-13 17:00:00,0.68753,0.68856,0.68856,0.68547,1.2403,-10.3,-127.93,-127.93,3,stop_loss,19.56173,0.00069,0.84697,4.67027,london,2019
AUDUSD,1,2019-09-16 05:00:00,2019-09-16 15:00:00,0.68761,0.68631,0.68631,0.69021,0.9752,-13.0,-126.65,-126.65,10,stop_loss,14.50502,0.00087,0.33658,3.51681,tokyo,2019
AUDUSD,-1,2019-09-16 16:00:00,2019-09-17 02:00:00,0.68625,0.68614,0.68748,0.68379,1.0202,1.1,11.22,11.22,10,time_exit,14.63827,0.00082,-1.36944,3.33818,new_york,2019
AUDUSD,-1,2019-09-18 05:00:00,2019-09-18 11:00:00,0.6852,0.68288,0.68636,0.68288,1.0818,23.2,250.97,250.97,6,take_profit,24.30076,0.00077,-0.92652,1.32702,tokyo,2019
AUDUSD,1,2019-09-18 13:00:00,2019-09-18 20:00:00,0.6834,0.68555,0.68232,0.68555,1.1903,21.5,255.99,255.99,7,take_profit,24.44626,0.00072,-2.87817,0.86221,london,2019
AUDUSD,-1,2019-09-19 18:00:00,2019-09-20 04:00:00,0.67996,0.67854,0.68135,0.67717,0.9361,14.2,132.93,132.92,10,time_exit,43.39608,0.00093,-2.46402,-1.81365,new_york,2019
AUDUSD,-1,2019-09-23 04:00:00,2019-09-23 06:00:00,0.67686,0.67789,0.67789,0.6748,1.2789,-10.3,-131.88,-131.89,2,stop_loss,37.11773,0.00069,-3.31475,-4.65369,tokyo,2019
AUDUSD,1,2019-09-24 13:00:00,2019-09-24 17:00:00,0.67842,0.68047,0.6774,0.68047,1.2761,20.5,261.13,261.12,4,take_profit,18.33175,0.00068,0.79801,-4.50103,london,2019
AUDUSD,1,2019-09-26 04:00:00,2019-09-26 14:00:00,0.67498,0.6763,0.67381,0.67732,1.1377,13.2,150.18,150.17,10,time_exit,36.78819,0.00078,-2.75248,-3.47567,tokyo,2019
AUDUSD,-1,2019-09-27 01:00:00,2019-09-27 07:00:00,0.67489,0.67599,0.67599,0.67269,1.2232,-11.0,-134.69,-134.69,6,stop_loss,18.86604,0.00073,-1.92609,-3.78988,tokyo,2019
AUDUSD,-1,2019-09-30 00:00:00,2019-09-30 10:00:00,0.676,0.67532,0.67723,0.67353,1.0801,6.8,73.45,73.44,10,time_exit,9.86323,0.00082,0.39312,-2.79446,tokyo,2019
AUDUSD,1,2019-10-01 12:00:00,2019-10-01 16:00:00,0.66984,0.66814,0.66814,0.67323,0.7909,-17.0,-134.07,-134.07,4,stop_loss,13.45248,0.00113,-4.13491,-2.39507,london,2019
AUDUSD,-1,2019-10-02 12:00:00,2019-10-02 17:00:00,0.66827,0.66968,0.66968,0.66545,0.9422,-14.1,-132.72,-132.73,5,stop_loss,12.91652,0.00094,-3.90528,-4.03582,london,2019
AUDUSD,-1,2019-10-03 20:00:00,2019-10-04 06:00:00,0.67483,0.67539,0.67621,0.67208,0.9554,-5.6,-53.5,-53.5,10,time_exit,25.32316,0.00092,3.4326,-3.04642,new_york,2019
AUDUSD,1,2019-10-09 17:00:00,2019-10-09 18:00:00,0.6739,0.67282,0.67282,0.67606,1.2093,-10.8,-130.87,-130.87,1,stop_loss,18.17935,0.00072,-0.10733,-0.64013,new_york,2019
AUDUSD,1,2019-10-10 18:00:00,2019-10-11 04:00:00,0.67565,0.67731,0.6742,0.67855,0.8943,16.6,148.45,148.45,10,time_exit,28.5643,0.00097,1.43752,-0.12143,new_york,2019
AUDUSD,1,2019-10-11 07:00:00,2019-10-11 14:00:00,0.67794,0.68052,0.67665,0.68052,1.0177,25.8,262.08,262.08,7,take_profit,22.89971,0.00086,3.12956,0.71781,tokyo,2019
AUDUSD,1,2019-10-14 07:00:00,2019-10-14 09:00:00,0.67885,0.67733,0.67733,0.6819,0.8774,-15.2,-133.66,-133.66,2,stop_loss,27.24608,0.00102,1.14429,2.042,tokyo,2019
AUDUSD,-1,2019-10-14 17:00:00,2019-10-14 18:00:00,0.67566,0.67702,0.67702,0.67294,0.9744,-13.6,-132.32,-132.32,1,stop_loss,30.96043,0.00091,-1.78328,1.73022,new_york,2019
AUDUSD,-1,2019-10-16 01:00:00,2019-10-16 04:00:00,0.67535,0.67264,0.67671,0.67264,0.9654,27.1,262.01,262.0,3,take_profit,18.96972,0.0009,-1.4922,0.73986,tokyo,2019
AUDUSD,1,2019-10-16 08:00:00,2019-10-16 18:00:00,0.67322,0.67545,0.67192,0.67581,1.031,22.3,229.91,229.91,10,time_exit,28.58379,0.00086,-3.16313,0.16902,tokyo,2019
AUDUSD,1,2019-10-16 19:00:00,2019-10-17 03:00:00,0.67545,0.67844,0.67395,0.67844,0.9078,29.9,271.85,271.85,8,take_profit,28.64925,0.001,0.25415,-0.40313,new_york,2019
AUDUSD,1,2019-10-21 00:00:00,2019-10-21 09:00:00,0.68444,0.68658,0.68337,0.68658,1.293,21.4,277.28,277.27,9,take_profit,44.53857,0.00071,4.96458,5.38844,tokyo,2019
AUDUSD,1,2019-10-22 11:00:00,2019-10-22 14:00:00,0.68682,0.68573,0.68573,0.689,1.2979,-10.9,-141.42,-141.42,3,stop_loss,24.33962,0.00073,1.59276,6.82865,london,2019
AUDUSD,1,2019-10-25 10:00:00,2019-10-25 20:00:00,0.68289,0.68212,0.68187,0.68494,1.3688,-7.7,-105.4,-105.4,10,time_exit,26.1509,0.00068,-0.59642,1.42174,london,2019
AUDUSD,-1,2019-10-28 00:00:00,2019-10-28 10:00:00,0.68173,0.68197,0.68266,0.67987,1.4944,-2.4,-35.87,-35.87,10,time_exit,14.47651,0.00062,-1.34742,0.94763,tokyo,2019
AUDUSD,1,2019-10-28 13:00:00,2019-10-28 23:00:00,0.68284,0.6838,0.68196,0.6846,1.5705,9.6,150.77,150.77,10,time_exit,14.60566,0.00059,0.46332,0.43028,london,2019
AUDUSD,1,2019-10-29 15:00:00,2019-10-29 18:00:00,0.68516,0.68712,0.68418,0.68712,1.4316,19.6,280.2,280.19,3,take_profit,41.46562,0.00065,2.19913,1.51428,london,2019
AUDUSD,-1,2019-10-31 10:00:00,2019-10-31 12:00:00,0.69212,0.68931,0.69353,0.68931,1.0166,28.1,285.79,285.78,2,take_profit,31.7861,0.00094,4.5077,3.53191,london,2019
AUDUSD,1,2019-10-31 17:00:00,2019-10-31 21:00:00,0.69017,0.68839,0.68839,0.69372,0.8206,-17.8,-145.76,-145.76,4,stop_loss,24.23432,0.00118,1.39356,2.98516,new_york,2019
AUDUSD,1,2019-11-01 21:00:00,2019-11-04 07:00:00,0.69122,0.69199,0.6898,0.69406,1.0159,7.7,78.22,78.22,10,time_exit,13.16744,0.00095,1.66121,3.62182,new_york,2019
AUDUSD,1,2019-11-05 16:00:00,2019-11-05 17:00:00,0.6912,0.68976,0.68976,0.69409,1.0045,-14.4,-145.08,-145.08,1,stop_loss,27.07275,0.00096,0.86957,2.72391,new_york,2019
AUDUSD,-1,2019-11-07 09:00:00,2019-11-07 10:00:00,0.68738,0.68853,0.68853,0.68507,1.2449,-11.5,-143.63,-143.63,1,stop_loss,29.25387,0.00077,-1.80652,0.91921,london,2019
AUDUSD,-1,2019-11-07 20:00:00,2019-11-08 06:00:00,0.6904,0.68808,0.69208,0.68704,0.8466,23.2,196.41,196.41,10,time_exit,21.21468,0.00112,1.1378,0.79665,new_york,2019
AUDUSD,-1,2019-11-08 07:00:00,2019-11-08 17:00:00,0.68807,0.68512,0.68954,0.68512,0.9787,29.5,288.31,288.31,10,take_profit,12.89252,0.00098,-1.0373,0.78578,tokyo,2019
AUDUSD,-1,2019-11-08 21:00:00,2019-11-11 07:00:00,0.68545,0.68567,0.68676,0.68283,1.121,-2.2,-24.66,-24.66,10,time_exit,21.00562,0.00087,-2.89517,-0.1395,new_york,2019
AUDUSD,-1,2019-11-11 21:00:00,2019-11-12 04:00:00,0.6856,0.68364,0.68658,0.68364,1.495,19.6,293.59,293.58,7,take_profit,21.84585,0.00065,-1.29994,-1.68287,new_york,2019
AUDUSD,1,2019-11-12 12:00:00,2019-11-12 22:00:00,0.68416,0.68423,0.68303,0.68643,1.3203,0.7,9.24,9.24,10,time_exit,22.02931,0.00076,-2.00142,-1.96887,london,2019
AUDUSD,-1,2019-11-13 09:00:00,2019-11-13 14:00:00,0.68465,0.68221,0.68587,0.68221,1.228,24.4,299.63,299.62,5,take_profit,17.9907,0.00081,-0.2172,-2.18659,london,2019
AUDUSD,-1,2019-11-14 01:00:00,2019-11-14 02:00:00,0.68337,0.68119,0.68446,0.68119,1.3988,21.8,305.64,305.63,1,take_profit,14.30415,0.00073,-0.95779,-2.78624,tokyo,2019
AUDUSD,1,2019-11-15 14:00:00,2019-11-15 23:00:00,0.67966,0.68193,0.67852,0.68193,1.3731,22.7,311.74,311.73,9,take_profit,24.3187,0.00076,-0.74626,-4.93739,london,2019
AUDUSD,-1,2019-11-21 05:00:00,2019-11-21 12:00:00,0.67969,0.68094,0.68094,0.6772,1.2764,-12.5,-158.99,-158.99,7,stop_loss,24.38176,0.00083,-1.2401,-1.84399,tokyo,2019
AUDUSD,-1,2019-11-21 13:00:00,2019-11-21 20:00:00,0.68087,0.67859,0.68201,0.67859,1.3789,22.8,314.8,314.79,7,take_profit,18.12775,0.00076,0.42045,-2.01525,london,2019
AUDUSD,1,2019-11-22 00:00:00,2019-11-22 10:00:00,0.6785,0.67992,0.67751,0.68049,1.6145,14.2,229.26,229.26,10,time_exit,25.91002,0.00066,-2.1109,-2.52351,tokyo,2019
AUDUSD,1,2019-11-22 19:00:00,2019-11-25 05:00:00,0.67837,0.67953,0.67736,0.6804,1.6081,11.6,186.54,186.54,10,time_exit,18.84133,0.00068,-1.61295,-2.73111,new_york,2019
AUDUSD,-1,2019-11-26 20:00:00,2019-11-27 06:00:00,0.6787,0.67751,0.67977,0.67656,1.5376,11.9,182.97,182.97,10,time_exit,28.93961,0.00071,0.49454,-2.50247,new_york,2019
AUDUSD,-1,2019-11-28 14:00:00,2019-11-29 00:00:00,0.67708,0.67662,0.67793,0.67538,1.9631,4.6,90.3,90.3,10,time_exit,28.38474,0.00057,-0.90283,-3.02478,london,2019
AUDUSD,1,2019-11-29 10:00:00,2019-11-29 15:00:00,0.67777,0.67705,0.67705,0.67921,2.3334,-7.2,-167.44,-167.44,5,stop_loss,18.50757,0.00048,1.08465,-3.35991,london,2019
AUDUSD,1,2019-11-29 19:00:00,2019-12-02 04:00:00,0.67609,0.67774,0.67527,0.67774,2.0112,16.5,331.53,331.53,9,take_profit,23.06406,0.00055,-1.95994,-2.79019,new_york,2019
AUDUSD,1,2019-12-02 07:00:00,2019-12-02 15:00:00,0.67728,0.67901,0.67642,0.67901,1.9584,17.3,338.15,338.15,8,take_profit,27.29868,0.00058,0.43539,-2.53428,tokyo,2019
AUDUSD,-1,2019-12-03 18:00:00,2019-12-04 02:00:00,0.68383,0.68529,0.68529,0.68091,1.1823,-14.6,-172.45,-172.46,8,stop_loss,44.09293,0.00097,2.56977,1.83323,new_york,2019
AUDUSD,1,2019-12-04 11:00:00,2019-12-04 15:00:00,0.68194,0.68422,0.6808,0.68422,1.4975,22.8,341.48,341.47,4,take_profit,28.38843,0.00076,-0.50419,2.84339,london,2019
AUDUSD,1,2019-12-09 07:00:00,2019-12-09 10:00:00,0.68311,0.68226,0.68226,0.68481,2.044,-8.5,-174.15,-174.15,3,stop_loss,17.23692,0.00057,-0.90574,2.93622,tokyo,2019
AUDUSD,-1,2019-12-10 09:00:00,2019-12-10 14:00:00,0.68258,0.68082,0.68346,0.68082,1.9576,17.6,344.82,344.82,5,take_profit,14.37345,0.00059,-0.844,1.58181,london,2019
AUDUSD,1,2019-12-11 05:00:00,2019-12-11 11:00:00,0.68101,0.68301,0.68001,0.68301,1.7612,20.0,351.71,351.7,6,take_profit,31.55921,0.00067,-1.58743,0.1171,tokyo,2019
AUDUSD,-1,2019-12-11 12:00:00,2019-12-11 13:00:00,0.683,0.6839,0.6839,0.68119,1.9858,-9.0,-179.37,-179.37,1,stop_loss,26.35569,0.0006,1.55943,0.11696,london,2019
AUDUSD,-1,2019-12-12 07:00:00,2019-12-12 15:00:00,0.68815,0.68927,0.68927,0.68591,1.5869,-11.2,-177.58,-177.58,8,stop_loss,50.26403,0.00075,4.69374,2.47765,tokyo,2019
AUDUSD,1,2019-12-12 23:00:00,2019-12-13 00:00:00,0.69096,0.69367,0.68961,0.69367,1.2989,27.1,351.61,351.61,1,take_profit,51.86553,0.0009,4.62265,3.38374,,2019
AUDUSD,-1,2019-12-16 10:00:00,2019-12-16 15:00:00,0.68776,0.68911,0.68911,0.68506,1.3303,-13.5,-179.32,-179.32,5,stop_loss,19.19811,0.0009,-0.64604,3.26431,london,2019
AUDUSD,-1,2019-12-17 16:00:00,2019-12-17 17:00:00,0.68406,0.68528,0.68528,0.68162,1.4543,-12.2,-177.52,-177.53,1,stop_loss,37.7357,0.00081,-3.99341,1.75589,new_york,2019
AUDUSD,1,2019-12-18 23:00:00,2019-12-19 02:00:00,0.68534,0.68736,0.68433,0.68736,1.741,20.2,351.51,351.51,3,take_profit,12.96115,0.00067,-0.56809,0.12736,,2019
AUDUSD,-1,2019-12-20 18:00:00,2019-12-23 04:00:00,0.69045,0.69113,0.69146,0.68842,1.7678,-6.8,-120.21,-120.21,10,time_exit,35.44476,0.00068,3.28302,2.40805,new_york,2019
AUDUSD,1,2019-12-23 04:00:00,2019-12-23 14:00:00,0.69085,0.69142,0.68975,0.69305,1.6199,5.7,92.33,92.33,10,time_exit,26.65899,0.00073,2.70687,2.61909,tokyo,2019
AUDUSD,-1,2019-12-23 19:00:00,2019-12-24 02:00:00,0.69166,0.69285,0.69285,0.68928,1.5029,-11.9,-178.99,-178.99,7,stop_loss,22.89066,0.00079,2.07723,3.08472,new_york,2019
AUDUSD,-1,2019-12-24 17:00:00,2019-12-24 18:00:00,0.69191,0.69283,0.69283,0.69006,1.9184,-9.2,-177.19,-177.2,1,stop_loss,9.4797,0.00062,1.32806,4.36398,new_york,2019
AUDUSD,1,2019-12-26 07:00:00,2019-12-26 17:00:00,0.69273,0.69392,0.69195,0.6943,2.2404,11.9,266.61,266.61,10,time_exit,12.86862,0.00052,2.17298,5.28259,tokyo,2019
AUDUSD,-1,2019-12-30 22:00:00,2019-12-31 08:00:00,0.69979,0.70086,0.70086,0.69765,1.663,-10.7,-178.09,-178.1,10,stop_loss,33.16382,0.00071,3.05186,6.94191,,2019
AUDUSD,1,2019-12-31 12:00:00,2019-12-31 17:00:00,0.70107,0.70288,0.70017,0.70288,1.9509,18.1,352.63,352.63,5,take_profit,24.41742,0.0006,3.75062,8.54701,london,2019
AUDUSD,1,2020-01-02 08:00:00,2020-01-02 13:00:00,0.70016,0.69903,0.69903,0.70241,1.5968,-11.3,-179.84,-179.85,5,stop_loss,25.88993,0.00075,0.06905,6.96164,tokyo,2020
AUDUSD,-1,2020-01-03 01:00:00,2020-01-03 09:00:00,0.69827,0.69567,0.69957,0.69567,1.3675,26.0,356.08,356.07,8,take_profit,25.29899,0.00087,-1.51986,4.64952,tokyo,2020
AUDUSD,-1,2020-01-06 01:00:00,2020-01-06 02:00:00,0.69365,0.69503,0.69503,0.6909,1.3202,-13.8,-181.6,-181.61,1,stop_loss,31.12905,0.00092,-3.66113,1.58574,tokyo,2020
AUDUSD,1,2020-01-06 02:00:00,2020-01-06 12:00:00,0.69434,0.69531,0.69293,0.69716,1.2768,9.7,123.85,123.85,10,time_exit,31.94589,0.00094,-2.71999,1.45092,tokyo,2020
AUDUSD,-1,2020-01-07 01:00:00,2020-01-07 07:00:00,0.69383,0.69143,0.69503,0.69143,1.5054,24.0,362.04,362.04,6,take_profit,24.05942,0.0008,-1.70928,-0.06658,tokyo,2020
AUDUSD,-1,2020-01-07 18:00:00,2020-01-08 04:00:00,0.68686,0.68766,0.68849,0.68359,1.1295,-8.0,-90.36,-90.36,10,time_exit,47.30995,0.00109,-5.20991,-1.76302,new_york,2020
AUDUSD,-1,2020-01-08 22:00:00,2020-01-09 08:00:00,0.68716,0.6876,0.68874,0.684,1.1625,-4.4,-51.15,-51.15,10,time_exit,24.4754,0.00105,-1.46299,-3.69553,,2020
AUDUSD,1,2020-01-09 21:00:00,2020-01-10 07:00:00,0.68526,0.68773,0.68402,0.68773,1.4831,24.7,366.47,366.47,10,take_profit,22.29751,0.00082,-2.49172,-4.89716,new_york,2020
AUDUSD,1,2020-01-15 16:00:00,2020-01-15 18:00:00,0.68851,0.69083,0.68735,0.69083,1.6141,23.2,373.79,373.79,2,take_profit,21.857,0.00077,-1.50278,-0.84218,new_york,2020
AUDUSD,1,2020-01-16 04:00:00,2020-01-16 14:00:00,0.69103,0.6928,0.6898,0.69349,1.5507,17.7,274.47,274.47,10,time_exit,14.1901,0.00082,1.20254,-0.38684,tokyo,2020
AUDUSD,1,2020-01-17 04:00:00,2020-01-17 14:00:00,0.68949,0.68924,0.6883,0.69186,1.6306,-2.5,-40.77,-40.77,10,time_exit,16.13683,0.00079,-1.23735,-0.19118,tokyo,2020
AUDUSD,-1,2020-01-17 21:00:00,2020-01-20 07:00:00,0.6878,0.68856,0.68896,0.68548,1.6643,-7.6,-126.49,-126.49,10,time_exit,20.2754,0.00077,-2.43922,-0.65778,new_york,2020
AUDUSD,1,2020-01-20 09:00:00,2020-01-20 10:00:00,0.68872,0.68784,0.68784,0.69049,2.1661,-8.8,-191.7,-191.7,1,stop_loss,21.95449,0.00059,-0.57867,-1.50059,london,2020
AUDUSD,1,2020-01-20 15:00:00,2020-01-21 01:00:00,0.68627,0.68756,0.68529,0.68824,1.9303,12.9,249.01,249.01,10,time_exit,29.33412,0.00066,-3.5393,-1.80838,london,2020
AUDUSD,1,2020-01-22 12:00:00,2020-01-22 22:00:00,0.68436,0.68431,0.68322,0.68664,1.6891,-0.5,-8.45,-8.45,10,time_exit,33.26253,0.00076,-1.67783,-3.39323,london,2020
AUDUSD,-1,2020-01-23 21:00:00,2020-01-24 07:00:00,0.68389,0.68464,0.68526,0.68115,1.4017,-7.5,-105.13,-105.13,10,time_exit,25.5203,0.00091,-1.84835,-2.03349,new_york,2020
AUDUSD,1,2020-01-24 22:00:00,2020-01-27 00:00:00,0.68232,0.68103,0.68103,0.68491,1.4764,-12.9,-191.14,-191.14,2,stop_loss,18.80426,0.00086,-2.53879,-2.5197,,2020
AUDUSD,-1,2020-01-27 07:00:00,2020-01-27 11:00:00,0.68062,0.67793,0.68197,0.67793,1.4052,26.9,378.47,378.47,4,take_profit,32.41665,0.0009,-3.19057,-3.03643,tokyo,2020
AUDUSD,-1,2020-01-27 11:00:00,2020-01-27 17:00:00,0.67861,0.67598,0.67993,0.67598,1.467,26.3,386.02,386.02,6,take_profit,40.60683,0.00088,-4.88517,-3.48116,london,2020
AUDUSD,-1,2020-01-28 01:00:00,2020-01-28 11:00:00,0.67591,0.67471,0.67707,0.6736,1.7033,12.0,204.4,204.39,10,time_exit,66.07588,0.00077,-5.40838,-5.99854,tokyo,2020
AUDUSD,1,2020-01-28 13:00:00,2020-01-28 23:00:00,0.67447,0.67629,0.67321,0.67699,1.5788,18.2,287.34,287.34,10,time_exit,66.4616,0.00084,-4.54773,-6.38202,london,2020
AUDUSD,1,2020-01-29 21:00:00,2020-01-30 04:00:00,0.67455,0.67332,0.67332,0.67701,1.6416,-12.3,-201.79,-201.79,7,stop_loss,34.69276,0.00082,-2.03432,-6.33936,new_york,2020
AUDUSD,1,2020-01-30 19:00:00,2020-01-31 05:00:00,0.67147,0.67127,0.67,0.67442,1.3562,-2.0,-27.12,-27.13,10,time_exit,37.70908,0.00098,-2.96526,-5.54801,new_york,2020
AUDUSD,-1,2020-02-03 17:00:00,2020-02-04 03:00:00,0.66999,0.66935,0.67142,0.66713,1.396,6.4,89.34,89.34,10,time_exit,15.07568,0.00095,-0.43115,-5.90455,new_york,2020
AUDUSD,-1,2020-02-06 12:00:00,2020-02-06 14:00:00,0.67419,0.67556,0.67556,0.67146,1.4664,-13.7,-200.39,-200.39,2,stop_loss,22.80581,0.00091,0.04851,-0.84234,london,2020
AUDUSD,-1,2020-02-06 16:00:00,2020-02-06 22:00:00,0.67545,0.67285,0.67675,0.67285,1.5283,26.0,396.77,396.77,6,take_profit,19.43654,0.00087,1.36779,-0.73195,new_york,2020
AUDUSD,-1,2020-02-10 03:00:00,2020-02-10 04:00:00,0.66794,0.66938,0.66938,0.66507,1.4097,-14.4,-202.35,-202.35,1,stop_loss,44.23038,0.00096,-2.80459,-3.00242,tokyo,2020
AUDUSD,1,2020-02-10 11:00:00,2020-02-10 16:00:00,0.66961,0.66813,0.66813,0.67257,1.3548,-14.8,-200.34,-200.34,5,stop_loss,28.2242,0.00099,-0.81031,-2.8468,london,2020
AUDUSD,1,2020-02-12 21:00:00,2020-02-13 01:00:00,0.67402,0.67283,0.67283,0.6764,1.6697,-11.9,-198.34,-198.34,4,stop_loss,38.01648,0.00079,2.20533,-0.27653,new_york,2020
AUDUSD,-1,2020-02-17 05:00:00,2020-02-17 15:00:00,0.67262,0.67183,0.67378,0.6703,1.6915,7.9,133.63,133.63,10,time_exit,12.99457,0.00077,0.69781,-0.37218,tokyo,2020
AUDUSD,-1,2020-02-20 08:00:00,2020-02-20 14:00:00,0.66515,0.66186,0.66679,0.66186,1.2033,32.9,395.38,395.38,6,take_profit,24.17705,0.0011,-2.69728,-2.22433,tokyo,2020
AUDUSD,1,2020-02-21 00:00:00,2020-02-21 04:00:00,0.66151,0.65997,0.65997,0.66459,1.3073,-15.4,-201.64,-201.65,4,stop_loss,32.37604,0.00103,-4.03044,-3.84724,tokyo,2020
AUDUSD,1,2020-02-21 09:00:00,2020-02-21 17:00:00,0.66,0.66289,0.65856,0.66289,1.3815,28.9,399.23,399.23,8,take_profit,33.91063,0.00096,-4.08736,-4.83167,london,2020
AUDUSD,1,2020-02-21 21:00:00,2020-02-24 00:00:00,0.66314,0.66157,0.66157,0.66627,1.3,-15.7,-203.62,-203.62,3,stop_loss,31.85375,0.00104,0.2065,-4.62615,new_york,2020
AUDUSD,1,2020-02-24 14:00:00,2020-02-25 00:00:00,0.66039,0.65995,0.65855,0.66407,1.0948,-4.4,-48.17,-48.17,10,time_exit,27.21357,0.00123,-1.04398,-4.03947,london,2020
AUDUSD,1,2020-02-26 12:00:00,2020-02-26 17:00:00,0.65752,0.65605,0.65605,0.66046,1.3668,-14.7,-201.1,-201.1,5,stop_loss,20.05761,0.00098,-2.5356,-4.26381,london,2020
AUDUSD,1,2020-02-27 21:00:00,2020-02-27 23:00:00,0.65836,0.65686,0.65686,0.66136,1.3265,-15.0,-199.08,-199.09,2,stop_loss,26.55831,0.001,0.81769,-4.45934,new_york,2020
AUDUSD,1,2020-03-02 05:00:00,2020-03-02 15:00:00,0.65367,0.65438,0.64987,0.66127,0.5184,7.1,36.81,36.8,10,time_exit,30.68184,0.00253,0.10484,-2.35175,tokyo,2020
AUDUSD,1,2020-03-06 00:00:00,2020-03-06 04:00:00,0.6613,0.65945,0.65945,0.66501,1.0647,-18.5,-197.46,-197.46,4,stop_loss,24.00554,0.00124,0.44277,0.93513,tokyo,2020
AUDUSD,1,2020-03-09 16:00:00,2020-03-10 02:00:00,0.66149,0.65972,0.65576,0.67296,0.3409,-17.7,-60.34,-60.34,10,time_exit,37.44477,0.00382,0.48897,0.0383,new_york,2020
AUDUSD,1,2020-03-10 11:00:00,2020-03-10 18:00:00,0.65572,0.65158,0.65158,0.66399,0.4713,-41.4,-194.9,-194.9,7,stop_loss,24.72534,0.00276,-1.20191,-0.12633,london,2020
AUDUSD,-1,2020-03-11 01:00:00,2020-03-11 11:00:00,0.64898,0.65306,0.65306,0.64083,0.4732,-40.8,-192.93,-192.94,10,stop_loss,29.20469,0.00272,-2.49612,-0.9621,tokyo,2020
AUDUSD,1,2020-03-11 20:00:00,2020-03-12 01:00:00,0.65104,0.64787,0.64787,0.65737,0.6032,-31.7,-190.99,-190.99,5,stop_loss,15.30639,0.00211,-1.15904,-1.73949,new_york,2020
AUDUSD,1,2020-03-12 08:00:00,2020-03-12 12:00:00,0.64569,0.64301,0.64301,0.65104,0.7066,-26.8,-189.09,-189.09,4,stop_loss,30.47105,0.00178,-3.10813,-2.73143,tokyo,2020
AUDUSD,1,2020-03-13 03:00:00,2020-03-13 13:00:00,0.62742,0.62995,0.6214,0.63946,0.311,25.3,78.68,78.68,10,time_exit,58.59987,0.00401,-3.66572,-2.57497,tokyo,2020
AUDUSD,1,2020-03-13 18:00:00,2020-03-13 19:00:00,0.62804,0.62351,0.62351,0.63709,0.4153,-45.3,-188.01,-188.01,1,stop_loss,45.42312,0.00302,-2.75513,-4.27628,new_york,2020
AUDUSD,-1,2020-03-13 23:00:00,2020-03-16 00:00:00,0.62262,0.62916,0.62916,0.60954,0.2846,-65.4,-186.14,-186.14,1,stop_loss,49.70123,0.00436,-2.3305,-3.39868,,2020
AUDUSD,-1,2020-03-17 06:00:00,2020-03-17 13:00:00,0.61182,0.60107,0.6172,0.60107,0.3427,107.5,368.46,368.46,7,take_profit,28.45214,0.00358,-2.066,-5.45321,tokyo,2020
AUDUSD,-1,2020-03-17 18:00:00,2020-03-18 04:00:00,0.59887,0.60065,0.60405,0.5885,0.3626,-17.8,-64.54,-64.55,10,time_exit,36.83052,0.00346,-4.25629,-6.18344,new_york,2020
AUDUSD,1,2020-03-20 20:00:00,2020-03-23 01:00:00,0.5812,0.57152,0.57152,0.60055,0.1936,-96.8,-187.33,-187.33,5,stop_loss,22.27474,0.00645,-0.5118,-3.65638,new_york,2020
AUDUSD,1,2020-03-24 05:00:00,2020-03-24 15:00:00,0.59169,0.59007,0.58526,0.60454,0.2885,-16.2,-46.74,-46.74,10,time_exit,19.2628,0.00428,2.39933,-4.34576,tokyo,2020
AUDUSD,1,2020-03-24 22:00:00,2020-03-25 08:00:00,0.5915,0.60283,0.58584,0.60283,0.3266,113.3,369.92,369.91,10,take_profit,17.6481,0.00378,1.22781,-3.17728,,2020
AUDUSD,1,2020-03-27 02:00:00,2020-03-27 12:00:00,0.60359,0.60628,0.59908,0.61261,0.4181,26.9,112.47,112.47,10,time_exit,29.20831,0.00301,1.89338,-0.28065,tokyo,2020
AUDUSD,1,2020-03-27 17:00:00,2020-03-27 20:00:00,0.60615,0.61674,0.60085,0.61674,0.3583,105.9,379.5,379.5,3,take_profit,25.81136,0.00353,1.08805,0.6476,new_york,2020
AUDUSD,1,2020-03-30 00:00:00,2020-03-30 10:00:00,0.61548,0.61352,0.60995,0.62654,0.3501,-19.6,-68.62,-68.62,10,time_exit,29.94974,0.00369,3.03864,1.19792,tokyo,2020
AUDUSD,-1,2020-03-30 20:00:00,2020-03-31 06:00:00,0.61644,0.61744,0.62127,0.60677,0.3991,-10.0,-39.91,-39.91,10,time_exit,20.8995,0.00322,1.86368,2.16363,new_york,2020
AUDUSD,1,2020-03-31 22:00:00,2020-04-01 08:00:00,0.61433,0.61175,0.60901,0.62497,0.3618,-25.8,-93.34,-93.35,10,time_exit,17.83722,0.00355,0.41257,1.92782,,2020
AUDUSD,1,2020-04-01 23:00:00,2020-04-02 09:00:00,0.60772,0.60994,0.60298,0.6172,0.4043,22.2,89.75,89.75,10,time_exit,22.34856,0.00316,-0.92045,1.20189,,2020
AUDUSD,1,2020-04-06 12:00:00,2020-04-06 22:00:00,0.60609,0.60872,0.60271,0.61284,0.57,26.3,149.91,149.91,10,time_exit,24.73057,0.00225,1.0715,-0.84034,london,2020
AUDUSD,1,2020-04-07 02:00:00,2020-04-07 07:00:00,0.60829,0.61376,0.60555,0.61376,0.7087,54.7,387.9,387.9,5,take_profit,39.78039,0.00182,1.38109,-0.10829,tokyo,2020
AUDUSD,1,2020-04-07 14:00:00,2020-04-08 00:00:00,0.61807,0.61667,0.61477,0.62466,0.6,-14.0,-84.0,-84.0,10,time_exit,56.90122,0.0022,4.02389,1.04658,london,2020
AUDUSD,-1,2020-04-08 18:00:00,2020-04-08 21:00:00,0.62075,0.62394,0.62394,0.61438,0.6181,-31.9,-196.97,-196.97,3,stop_loss,28.82911,0.00212,3.0682,2.30042,new_york,2020
AUDUSD,-1,2020-04-10 02:00:00,2020-04-10 09:00:00,0.63333,0.63655,0.63655,0.62688,0.605,-32.2,-195.03,-195.03,7,stop_loss,45.33719,0.00215,4.46433,4.54055,tokyo,2020
AUDUSD,-1,2020-04-14 15:00:00,2020-04-14 19:00:00,0.64023,0.64277,0.64277,0.63516,0.7614,-25.4,-193.05,-193.06,4,stop_loss,26.10079,0.00169,1.96882,7.37056,london,2020
AUDUSD,-1,2020-04-15 10:00:00,2020-04-15 15:00:00,0.63549,0.63053,0.63797,0.63053,0.7701,49.6,382.25,382.25,5,take_profit,24.54611,0.00165,-2.36193,7.22681,london,2020
AUDUSD,1,2020-04-16 03:00:00,2020-04-16 04:00:00,0.63085,0.62805,0.62805,0.63644,0.697,-28.0,-194.97,-194.97,1,stop_loss,37.65755,0.00186,-2.64334,4.0805,tokyo,2020
AUDUSD,-1,2020-04-17 02:00:00,2020-04-17 12:00:00,0.63554,0.63249,0.63909,0.62843,0.5429,30.5,165.58,165.58,10,time_exit,25.06827,0.00237,1.16272,1.74231,tokyo,2020
AUDUSD,1,2020-04-21 07:00:00,2020-04-21 12:00:00,0.63036,0.62758,0.62758,0.63592,0.6999,-27.8,-194.67,-194.68,5,stop_loss,19.99452,0.00185,-2.23357,1.73678,tokyo,2020
AUDUSD,-1,2020-04-21 19:00:00,2020-04-22 05:00:00,0.62771,0.63118,0.63118,0.62078,0.5562,-34.7,-192.72,-192.73,10,stop_loss,25.73656,0.00231,-2.02837,0.57852,new_york,2020
AUDUSD,-1,2020-04-23 19:00:00,2020-04-24 05:00:00,0.63876,0.63632,0.64169,0.6329,0.6509,24.4,158.82,158.82,10,time_exit,31.3799,0.00195,2.89192,0.79038,new_york,2020
AUDUSD,-1,2020-04-27 12:00:00,2020-04-27 22:00:00,0.64562,0.64631,0.64792,0.64102,0.8369,-6.9,-57.75,-57.75,10,time_exit,38.70358,0.00153,4.50469,3.03347,london,2020
AUDUSD,1,2020-04-28 00:00:00,2020-04-28 02:00:00,0.64639,0.64455,0.64455,0.65006,1.0449,-18.4,-191.8,-191.81,2,stop_loss,36.93822,0.00122,3.91565,4.97445,tokyo,2020
AUDUSD,1,2020-05-01 22:00:00,2020-05-04 01:00:00,0.64114,0.63861,0.63861,0.64621,0.7497,-25.3,-189.87,-189.88,3,stop_loss,46.43159,0.00169,-4.01611,2.22453,,2020
AUDUSD,-1,2020-05-04 03:00:00,2020-05-04 06:00:00,0.63765,0.64022,0.64022,0.6325,0.7305,-25.7,-187.99,-187.99,3,stop_loss,52.88179,0.00172,-5.15347,1.46703,tokyo,2020
AUDUSD,-1,2020-05-04 08:00:00,2020-05-04 10:00:00,0.63888,0.64128,0.64128,0.63409,0.777,-24.0,-186.11,-186.11,2,stop_loss,53.5138,0.0016,-3.928,0.89145,tokyo,2020
AUDUSD,1,2020-05-05 06:00:00,2020-05-05 11:00:00,0.64437,0.64216,0.64216,0.64879,0.8337,-22.1,-184.24,-184.24,5,stop_loss,25.36809,0.00147,0.67418,0.01156,tokyo,2020
AUDUSD,1,2020-05-05 11:00:00,2020-05-05 12:00:00,0.64489,0.64274,0.64274,0.6492,0.8464,-21.5,-182.39,-182.4,1,stop_loss,26.92923,0.00144,0.83125,0.17379,london,2020
AUDUSD,-1,2020-05-07 19:00:00,2020-05-08 03:00:00,0.64992,0.65256,0.65256,0.64463,0.6831,-26.4,-180.57,-180.57,8,stop_loss,27.24529,0.00176,3.56308,0.10687,new_york,2020
AUDUSD,1,2020-05-11 09:00:00,2020-05-11 11:00:00,0.65419,0.65224,0.65224,0.65809,0.9175,-19.5,-178.77,-178.77,2,stop_loss,32.11968,0.0013,2.45526,3.57598,london,2020
AUDUSD,-1,2020-05-11 17:00:00,2020-05-12 03:00:00,0.64836,0.64334,0.65087,0.64334,0.7053,50.2,353.97,353.97,10,take_profit,30.4972,0.00167,-1.40192,2.429,new_york,2020
AUDUSD,1,2020-05-12 16:00:00,2020-05-12 20:00:00,0.65165,0.64892,0.64892,0.65711,0.6616,-27.3,-180.52,-180.52,4,stop_loss,27.55752,0.00182,1.31717,1.27091,new_york,2020
AUDUSD,-1,2020-05-13 00:00:00,2020-05-13 10:00:00,0.64703,0.64766,0.64964,0.6418,0.684,-6.3,-43.09,-43.09,10,time_exit,21.06429,0.00174,-1.26382,1.26066,tokyo,2020
AUDUSD,-1,2020-05-13 10:00:00,2020-05-13 14:00:00,0.64746,0.65004,0.65004,0.64231,0.6919,-25.8,-178.29,-178.29,4,stop_loss,27.61468,0.00172,-0.6802,0.85789,london,2020
AUDUSD,1,2020-05-14 18:00:00,2020-05-15 04:00:00,0.64211,0.64645,0.6392,0.64792,0.6071,43.4,263.48,263.48,10,time_exit,32.5748,0.00194,-1.7686,-0.52141,new_york,2020
AUDUSD,-1,2020-05-18 07:00:00,2020-05-18 14:00:00,0.64417,0.64622,0.64622,0.64006,0.8724,-20.5,-179.13,-179.13,7,stop_loss,19.83004,0.00137,0.12238,-1.2444,tokyo,2020
AUDUSD,-1,2020-05-19 13:00:00,2020-05-19 17:00:00,0.65379,0.65647,0.65647,0.64843,0.6613,-26.8,-177.35,-177.35,4,stop_loss,49.63357,0.00179,2.63377,1.19668,london,2020
AUDUSD,1,2020-05-19 21:00:00,2020-05-19 22:00:00,0.65665,0.65414,0.65414,0.66166,0.7009,-25.1,-175.58,-175.58,1,stop_loss,45.10728,0.00167,3.45976,1.96513,new_york,2020
AUDUSD,-1,2020-05-21 06:00:00,2020-05-21 14:00:00,0.65633,0.65841,0.65841,0.65217,0.835,-20.8,-173.82,-173.83,8,stop_loss,27.74019,0.00139,0.53795,3.8833,tokyo,2020
AUDUSD,-1,2020-05-22 06:00:00,2020-05-22 16:00:00,0.65461,0.65146,0.65673,0.65036,0.8102,31.5,255.21,255.21,10,time_exit,13.23888,0.00142,-1.08273,3.24652,tokyo,2020
AUDUSD,-1,2020-05-25 13:00:00,2020-05-25 23:00:00,0.65402,0.65451,0.65572,0.65063,1.0302,-4.9,-50.48,-50.48,10,time_exit,14.66305,0.00113,0.00144,1.82713,london,2020
AUDUSD,1,2020-05-27 04:00:00,2020-05-27 14:00:00,0.66396,0.66509,0.66185,0.66817,0.8271,11.3,93.46,93.46,10,time_exit,56.36476,0.0014,3.00188,3.72806,tokyo,2020
AUDUSD,1,2020-05-27 20:00:00,2020-05-28 06:00:00,0.65939,0.66008,0.65643,0.66531,0.5911,6.9,40.79,40.78,10,time_exit,39.88807,0.00197,-0.91247,2.74015,new_york,2020
AUDUSD,1,2020-05-28 23:00:00,2020-05-29 09:00:00,0.66344,0.66573,0.66076,0.66879,0.6557,22.9,150.16,150.15,10,time_exit,19.86328,0.00178,0.57019,2.79227,,2020
AUDUSD,1,2020-05-29 14:00:00,2020-05-29 16:00:00,0.66574,0.66341,0.66341,0.67039,0.7606,-23.3,-176.98,-176.98,2,stop_loss,15.22206,0.00155,1.53925,3.20874,london,2020
AUDUSD,1,2020-06-01 03:00:00,2020-06-01 04:00:00,0.66582,0.671,0.66323,0.671,0.6766,51.8,350.4,350.39,1,take_profit,13.85152,0.00173,0.94353,2.87099,tokyo,2020
AUDUSD,1,2020-06-01 19:00:00,2020-06-02 05:00:00,0.67847,0.67762,0.67494,0.68553,0.5064,-8.5,-43.04,-43.05,10,time_exit,34.8847,0.00235,4.07487,3.18191,new_york,2020
AUDUSD,-1,2020-06-02 08:00:00,2020-06-02 11:00:00,0.679,0.6817,0.6817,0.6736,0.6608,-27.0,-178.27,-178.27,3,stop_loss,40.48373,0.0018,3.31957,5.25742,tokyo,2020
AUDUSD,-1,2020-06-02 15:00:00,2020-06-02 17:00:00,0.68514,0.68815,0.68815,0.67912,0.5868,-30.1,-176.49,-176.49,2,stop_loss,47.05088,0.00201,4.79787,5.30375,london,2020
AUDUSD,-1,2020-06-03 22:00:00,2020-06-04 08:00:00,0.69319,0.69059,0.69656,0.68645,0.5188,26.0,134.89,134.89,10,time_exit,37.17499,0.00225,2.90338,6.61532,,2020
AUDUSD,1,2020-06-05 03:00:00,2020-06-05 09:00:00,0.69389,0.70029,0.69069,0.70029,0.5505,64.0,352.15,352.14,6,take_profit,30.15086,0.00213,1.51495,6.43068,tokyo,2020
AUDUSD,-1,2020-06-08 08:00:00,2020-06-08 11:00:00,0.69693,0.69959,0.69959,0.69161,0.6754,-26.6,-179.59,-179.59,3,stop_loss,18.85804,0.00177,0.9352,7.45612,tokyo,2020
AUDUSD,1,2020-06-08 18:00:00,2020-06-09 03:00:00,0.6987,0.7039,0.6961,0.7039,0.6835,52.0,355.59,355.59,9,take_profit,16.92108,0.00173,1.39026,7.31419,new_york,2020
AUDUSD,-1,2020-06-11 21:00:00,2020-06-12 07:00:00,0.68635,0.68434,0.69016,0.67874,0.4763,20.1,95.74,95.73,10,time_exit,27.21126,0.00254,-3.41477,1.83795,new_york,2020
AUDUSD,1,2020-06-15 19:00:00,2020-06-16 01:00:00,0.68509,0.69308,0.68109,0.69308,0.4563,79.9,364.65,364.65,6,take_profit,20.99272,0.00266,-0.12622,-0.97217,new_york,2020
AUDUSD,-1,2020-06-16 11:00:00,2020-06-16 15:00:00,0.69058,0.69431,0.69431,0.68312,0.4986,-37.3,-185.97,-185.97,4,stop_loss,29.22673,0.00249,0.57802,0.1473,london,2020
AUDUSD,-1,2020-06-17 11:00:00,2020-06-17 21:00:00,0.6905,0.689,0.69417,0.68316,0.5015,15.0,75.23,75.22,10,time_exit,22.45358,0.00245,0.59937,0.06758,london,2020
AUDUSD,-1,2020-06-18 10:00:00,2020-06-18 20:00:00,0.68747,0.68518,0.69075,0.68091,0.5635,22.9,129.04,129.04,10,time_exit,13.62069,0.00219,-0.47757,-0.1117,london,2020
AUDUSD,1,2020-06-19 12:00:00,2020-06-19 19:00:00,0.68637,0.68395,0.68395,0.69122,0.7683,-24.2,-186.14,-186.15,7,stop_loss,10.17475,0.00162,-0.27607,-0.8018,london,2020
AUDUSD,-1,2020-06-23 14:00:00,2020-06-23 15:00:00,0.69335,0.69626,0.69626,0.68752,0.6325,-29.1,-184.28,-184.28,1,stop_loss,18.3579,0.00194,2.00821,0.55107,london,2020
AUDUSD,1,2020-06-25 03:00:00,2020-06-25 13:00:00,0.68555,0.68736,0.68305,0.69056,0.7287,18.1,131.89,131.89,10,time_exit,39.05679,0.00167,-2.84987,0.57118,tokyo,2020
AUDUSD,1,2020-06-29 05:00:00,2020-06-29 15:00:00,0.68745,0.68684,0.68537,0.6916,0.8851,-6.1,-53.99,-53.99,10,time_exit,29.24256,0.00138,-0.0641,-0.70346,tokyo,2020
AUDUSD,1,2020-07-01 22:00:00,2020-07-02 08:00:00,0.6914,0.6923,0.68909,0.69602,0.7937,9.0,71.43,71.43,10,time_exit,21.52471,0.00154,1.35239,0.51108,,2020
AUDUSD,-1,2020-07-03 19:00:00,2020-07-06 03:00:00,0.69399,0.6955,0.6955,0.69097,1.2168,-15.1,-183.93,-183.93,8,stop_loss,13.3394,0.00101,1.67696,2.2602,new_york,2020
AUDUSD,-1,2020-07-06 05:00:00,2020-07-06 08:00:00,0.69558,0.69709,0.69709,0.69256,1.2042,-15.1,-182.09,-182.09,3,stop_loss,14.97469,0.00101,2.5711,2.53353,tokyo,2020
AUDUSD,-1,2020-07-09 19:00:00,2020-07-10 05:00:00,0.69574,0.69425,0.69783,0.69156,0.863,14.9,128.59,128.58,10,time_exit,20.58563,0.00139,-0.84289,2.12052,new_york,2020
AUDUSD,-1,2020-07-10 21:00:00,2020-07-13 05:00:00,0.69485,0.69687,0.69687,0.6908,0.8967,-20.2,-181.56,-181.57,8,stop_loss,20.94134,0.00135,-0.60696,1.08369,new_york,2020
AUDUSD,-1,2020-07-13 10:00:00,2020-07-13 20:00:00,0.69781,0.69797,0.69941,0.69461,1.1229,-1.6,-17.97,-17.97,10,time_exit,16.93678,0.00107,1.85092,1.34525,london,2020
AUDUSD,-1,2020-07-15 12:00:00,2020-07-15 14:00:00,0.70018,0.7023,0.7023,0.69594,0.8478,-21.2,-179.57,-179.57,2,stop_loss,25.2998,0.00141,2.08044,1.31291,london,2020
AUDUSD,-1,2020-07-17 01:00:00,2020-07-17 05:00:00,0.69679,0.69874,0.69874,0.69289,0.9109,-19.5,-177.77,-177.77,4,stop_loss,17.76218,0.0013,-1.38174,1.51316,tokyo,2020
AUDUSD,-1,2020-07-20 00:00:00,2020-07-20 01:00:00,0.69834,0.69975,0.69975,0.69552,1.2502,-14.1,-175.99,-176.0,1,stop_loss,15.4773,0.00094,0.65124,1.79105,tokyo,2020
AUDUSD,1,2020-07-20 08:00:00,2020-07-20 18:00:00,0.69877,0.70082,0.69725,0.70181,1.1464,20.5,235.01,235.01,10,time_exit,14.34794,0.00101,0.05882,1.52999,tokyo,2020
AUDUSD,1,2020-07-21 06:00:00,2020-07-21 11:00:00,0.70267,0.70545,0.70128,0.70545,1.2686,27.8,353.17,353.17,5,take_profit,21.63735,0.00093,2.8252,2.33631,tokyo,2020
AUDUSD,1,2020-07-21 11:00:00,2020-07-21 13:00:00,0.70478,0.70793,0.70321,0.70793,1.1446,31.5,360.21,360.21,2,take_profit,25.29001,0.00105,3.91134,2.39906,london,2020
AUDUSD,-1,2020-07-22 05:00:00,2020-07-22 10:00:00,0.71356,0.71572,0.71572,0.70925,0.8525,-21.6,-183.71,-183.72,5,stop_loss,55.58553,0.00144,5.05638,4.15345,tokyo,2020
AUDUSD,-1,2020-07-23 13:00:00,2020-07-23 15:00:00,0.71397,0.7098,0.71606,0.7098,0.8716,41.7,363.76,363.76,2,take_profit,18.28662,0.00139,1.2766,5.75431,london,2020
AUDUSD,1,2020-07-29 00:00:00,2020-07-29 10:00:00,0.7154,0.71858,0.71317,0.71987,0.8305,31.8,264.1,264.1,10,time_exit,11.12401,0.00149,1.29739,3.30584,tokyo,2020
AUDUSD,1,2020-07-30 09:00:00,2020-07-30 10:00:00,0.71576,0.7137,0.7137,0.71988,0.9139,-20.6,-188.15,-188.15,1,stop_loss,11.89839,0.00137,-0.52658,3.72857,london,2020
AUDUSD,-1,2020-07-30 14:00:00,2020-07-30 21:00:00,0.71478,0.71714,0.71714,0.71006,0.7887,-23.6,-186.27,-186.27,7,stop_loss,19.94418,0.00157,-0.87199,2.93412,london,2020
AUDUSD,1,2020-07-31 08:00:00,2020-07-31 10:00:00,0.72227,0.71984,0.71984,0.72713,0.7596,-24.3,-184.42,-184.42,2,stop_loss,26.40302,0.00162,3.04755,2.92295,tokyo,2020
AUDUSD,-1,2020-08-03 11:00:00,2020-08-03 21:00:00,0.71164,0.71194,0.71417,0.70659,0.7227,-3.0,-21.68,-21.68,10,time_exit,30.75257,0.00168,-2.5026,1.49411,london,2020
AUDUSD,-1,2020-08-03 21:00:00,2020-08-04 07:00:00,0.71159,0.71332,0.71392,0.70692,0.7817,-17.3,-135.23,-135.24,10,time_exit,36.54991,0.00156,-1.62537,0.66931,new_york,2020
AUDUSD,1,2020-08-05 10:00:00,2020-08-05 15:00:00,0.71935,0.72345,0.7173,0.72345,0.8831,41.0,361.99,361.99,5,take_profit,17.49935,0.00137,2.98208,1.19917,london,2020
AUDUSD,1,2020-08-11 11:00:00,2020-08-11 21:00:00,0.71698,0.7151,0.7151,0.72074,0.9816,-18.8,-184.61,-184.62,10,stop_loss,15.47431,0.00125,0.05594,0.34525,london,2020
AUDUSD,-1,2020-08-13 02:00:00,2020-08-13 04:00:00,0.7165,0.71848,0.71848,0.71254,0.9221,-19.8,-182.76,-182.77,2,stop_loss,20.00016,0.00132,0.80375,-0.43572,tokyo,2020
AUDUSD,-1,2020-08-13 06:00:00,2020-08-13 16:00:00,0.71686,0.71749,0.7189,0.71278,0.8874,-6.3,-55.91,-55.91,10,time_exit,21.5442,0.00136,0.87592,-0.28177,tokyo,2020
AUDUSD,-1,2020-08-17 14:00:00,2020-08-17 16:00:00,0.71845,0.72,0.72,0.71536,1.1659,-15.5,-180.38,-180.38,2,stop_loss,17.01633,0.00103,1.45609,0.61418,london,2020
AUDUSD,1,2020-08-17 23:00:00,2020-08-18 09:00:00,0.72186,0.72269,0.72021,0.72517,1.0798,8.3,89.62,89.62,10,time_exit,30.4383,0.0011,3.44612,1.27033,,2020
AUDUSD,1,2020-08-19 04:00:00,2020-08-19 05:00:00,0.72538,0.72359,0.72359,0.72896,1.0037,-17.9,-179.48,-179.48,1,stop_loss,28.24076,0.00119,2.92273,2.97491,tokyo,2020
AUDUSD,1,2020-08-19 05:00:00,2020-08-19 15:00:00,0.7239,0.72555,0.72203,0.72764,0.9499,16.5,156.73,156.73,10,time_exit,27.4579,0.00125,1.54427,2.8628,tokyo,2020
AUDUSD,1,2020-08-19 18:00:00,2020-08-19 21:00:00,0.72373,0.72169,0.72169,0.72781,0.8788,-20.4,-179.24,-179.24,3,stop_loss,27.72598,0.00136,0.25349,3.03048,new_york,2020
AUDUSD,1,2020-08-20 10:00:00,2020-08-20 11:00:00,0.71692,0.71481,0.71481,0.72114,0.8412,-21.1,-177.46,-177.46,1,stop_loss,37.39959,0.00141,-3.07409,1.43177,london,2020
AUDUSD,1,2020-08-20 16:00:00,2020-08-20 22:00:00,0.71492,0.71964,0.71256,0.71964,0.7443,47.2,351.37,351.37,6,take_profit,38.51533,0.00157,-3.31508,0.69299,new_york,2020
AUDUSD,1,2020-08-21 03:00:00,2020-08-21 11:00:00,0.72036,0.71824,0.71824,0.72459,0.8468,-21.2,-179.19,-179.19,8,stop_loss,23.56983,0.00141,0.54114,0.43133,tokyo,2020
AUDUSD,-1,2020-08-26 19:00:00,2020-08-27 02:00:00,0.72219,0.72405,0.72405,0.71847,0.9533,-18.6,-177.41,-177.41,7,stop_loss,20.9432,0.00124,2.51981,0.39424,new_york,2020
AUDUSD,1,2020-08-27 06:00:00,2020-08-27 16:00:00,0.72319,0.72652,0.72153,0.72652,1.0553,33.3,351.27,351.27,10,take_profit,25.99178,0.00111,2.29684,1.40219,tokyo,2020
AUDUSD,-1,2020-08-27 17:00:00,2020-08-27 19:00:00,0.7245,0.72678,0.72678,0.71995,0.7872,-22.8,-179.14,-179.14,2,stop_loss,31.40766,0.00152,1.5965,1.5866,new_york,2020
AUDUSD,-1,2020-08-28 22:00:00,2020-08-31 03:00:00,0.73572,0.73804,0.73804,0.73109,0.7656,-23.2,-177.36,-177.36,5,stop_loss,63.44487,0.00154,4.9888,3.75266,,2020
AUDUSD,1,2020-09-01 07:00:00,2020-09-01 11:00:00,0.74045,0.73831,0.73831,0.74474,0.8195,-21.4,-175.58,-175.59,4,stop_loss,46.56893,0.00143,3.79295,6.01167,tokyo,2020
AUDUSD,-1,2020-09-01 23:00:00,2020-09-02 09:00:00,0.73711,0.73568,0.73936,0.73261,0.772,14.3,110.4,110.39,10,time_exit,25.42443,0.0015,0.35981,5.56383,,2020
AUDUSD,1,2020-09-02 18:00:00,2020-09-03 04:00:00,0.73228,0.73254,0.72993,0.73699,0.7431,2.6,19.32,19.32,10,time_exit,33.9356,0.00157,-2.09185,3.93869,new_york,2020
AUDUSD,-1,2020-09-07 00:00:00,2020-09-07 10:00:00,0.7283,0.72772,0.73068,0.72354,0.7359,5.8,42.68,42.68,10,time_exit,26.87955,0.00159,-0.48886,-0.0765,tokyo,2020
AUDUSD,-1,2020-09-08 20:00:00,2020-09-09 01:00:00,0.72403,0.71972,0.72619,0.71972,0.8137,43.1,351.07,351.07,5,take_profit,22.77537,0.00144,-2.16604,-0.92694,new_york,2020
AUDUSD,1,2020-09-09 08:00:00,2020-09-09 15:00:00,0.72243,0.72638,0.72046,0.72638,0.9077,39.5,358.12,358.11,7,take_profit,33.13717,0.00132,-1.9839,-2.02522,tokyo,2020
AUDUSD,1,2020-09-09 19:00:00,2020-09-10 05:00:00,0.72741,0.72692,0.72514,0.73195,0.805,-4.9,-39.44,-39.45,10,time_exit,26.85627,0.00151,1.68268,-1.64649,new_york,2020
AUDUSD,1,2020-09-10 14:00:00,2020-09-10 16:00:00,0.72706,0.73039,0.72539,0.73039,1.0932,33.3,364.5,364.5,2,take_profit,19.25577,0.00111,0.76963,-1.04422,london,2020
AUDUSD,1,2020-09-11 03:00:00,2020-09-11 13:00:00,0.72614,0.73037,0.72402,0.73037,0.8789,42.3,371.79,371.79,10,take_profit,16.98022,0.00141,-0.37066,-0.51279,tokyo,2020
AUDUSD,1,2020-09-14 20:00:00,2020-09-15 03:00:00,0.72932,0.72758,0.72758,0.7328,1.0896,-17.4,-189.6,-189.6,7,stop_loss,17.99884,0.00116,1.2369,0.21669,new_york,2020
AUDUSD,1,2020-09-17 16:00:00,2020-09-18 02:00:00,0.7294,0.73133,0.7266,0.735,0.6703,19.3,129.37,129.37,10,time_exit,19.28793,0.00187,-0.26174,0.46977,new_york,2020
AUDUSD,-1,2020-09-18 15:00:00,2020-09-18 19:00:00,0.72959,0.73166,0.73166,0.72544,0.9119,-20.7,-189.01,-189.01,4,stop_loss,15.82293,0.00138,-0.68774,0.82831,london,2020
AUDUSD,-1,2020-09-21 01:00:00,2020-09-21 05:00:00,0.72959,0.73163,0.73163,0.72551,0.9179,-20.4,-187.11,-187.11,4,stop_loss,13.10905,0.00136,-0.60994,0.67122,tokyo,2020
AUDUSD,1,2020-09-22 06:00:00,2020-09-22 09:00:00,0.72141,0.71906,0.71906,0.7261,0.7895,-23.5,-185.25,-185.25,3,stop_loss,42.15058,0.00156,-3.10918,-1.36122,tokyo,2020
AUDUSD,-1,2020-09-22 10:00:00,2020-09-22 13:00:00,0.72005,0.72239,0.72239,0.71537,0.7834,-23.4,-183.39,-183.39,3,stop_loss,43.32124,0.00156,-3.51405,-1.65984,london,2020
AUDUSD,1,2020-09-22 23:00:00,2020-09-23 03:00:00,0.71742,0.7147,0.7147,0.72285,0.6681,-27.2,-181.55,-181.55,4,stop_loss,41.2244,0.00181,-2.97507,-2.32015,,2020
AUDUSD,-1,2020-09-24 01:00:00,2020-09-24 09:00:00,0.70734,0.7029,0.70956,0.7029,0.8093,44.4,359.47,359.46,8,take_profit,47.52649,0.00148,-5.34706,-5.55189,tokyo,2020
AUDUSD,-1,2020-09-24 14:00:00,2020-09-25 00:00:00,0.70491,0.70442,0.70726,0.70022,0.7811,4.9,38.27,38.27,10,time_exit,52.08025,0.00156,-3.9792,-6.4885,london,2020
AUDUSD,1,2020-09-28 20:00:00,2020-09-29 06:00:00,0.70636,0.70835,0.70409,0.7109,0.8091,19.9,161.01,161.01,10,time_exit,13.51672,0.00151,0.52575,-5.80746,new_york,2020
AUDUSD,1,2020-09-29 06:00:00,2020-09-29 12:00:00,0.7082,0.71182,0.70639,0.71182,1.0244,36.2,370.66,370.66,6,take_profit,16.87097,0.00121,1.57131,-6.15404,tokyo,2020
AUDUSD,1,2020-09-29 23:00:00,2020-09-30 08:00:00,0.71272,0.71069,0.71069,0.71677,0.9328,-20.3,-189.04,-189.04,9,stop_loss,30.22819,0.00135,2.88553,-3.34022,,2020
AUDUSD,-1,2020-09-30 16:00:00,2020-09-30 17:00:00,0.71357,0.7158,0.7158,0.70911,0.8398,-22.3,-187.14,-187.14,1,stop_loss,19.61012,0.00149,2.00198,-1.75978,new_york,2020
AUDUSD,-1,2020-10-01 00:00:00,2020-10-01 06:00:00,0.71602,0.71829,0.71829,0.71147,0.8146,-22.7,-185.27,-185.27,6,stop_loss,28.79049,0.00152,2.9786,-0.94437,tokyo,2020
AUDUSD,-1,2020-10-01 12:00:00,2020-10-01 14:00:00,0.71757,0.71965,0.71965,0.7134,0.8807,-20.8,-183.41,-183.42,2,stop_loss,30.63216,0.00139,2.4964,0.17599,london,2020
AUDUSD,-1,2020-10-06 07:00:00,2020-10-06 09:00:00,0.719,0.71559,0.7207,0.71559,1.0665,34.1,363.18,363.18,2,take_profit,11.9271,0.00114,1.22986,1.71167,tokyo,2020
AUDUSD,1,2020-10-06 11:00:00,2020-10-06 21:00:00,0.71548,0.71347,0.71347,0.7195,0.9221,-20.1,-185.22,-185.22,10,stop_loss,13.3924,0.00134,-1.51041,1.3371,london,2020
AUDUSD,-1,2020-10-07 07:00:00,2020-10-07 10:00:00,0.71168,0.71379,0.71379,0.70746,0.8693,-21.1,-183.37,-183.38,3,stop_loss,27.33588,0.00141,-2.31486,-0.22511,tokyo,2020
AUDUSD,1,2020-10-08 04:00:00,2020-10-08 09:00:00,0.7131,0.71621,0.71155,0.71621,1.1686,31.1,363.05,363.05,5,take_profit,12.8343,0.00104,-1.05008,-0.72265,tokyo,2020
AUDUSD,-1,2020-10-08 22:00:00,2020-10-09 04:00:00,0.7164,0.71784,0.71784,0.71352,1.2875,-14.4,-185.16,-185.17,6,stop_loss,18.96275,0.00096,1.4732,-0.06325,,2020
AUDUSD,-1,2020-10-09 06:00:00,2020-10-09 15:00:00,0.7185,0.7198,0.7198,0.7159,1.4125,-13.0,-183.31,-183.31,9,stop_loss,21.23851,0.00087,3.28858,0.48554,tokyo,2020
AUDUSD,-1,2020-10-09 22:00:00,2020-10-12 08:00:00,0.72323,0.723,0.72473,0.72023,1.2103,2.3,27.84,27.83,10,time_exit,41.8314,0.001,5.2075,2.03078,,2020
AUDUSD,1,2020-10-13 03:00:00,2020-10-13 04:00:00,0.72087,0.71963,0.71963,0.72334,1.4691,-12.4,-181.75,-181.75,1,stop_loss,19.55112,0.00082,0.42457,3.69798,tokyo,2020
AUDUSD,-1,2020-10-13 22:00:00,2020-10-14 03:00:00,0.7153,0.71691,0.71691,0.71209,1.1207,-16.1,-179.93,-179.93,5,stop_loss,30.40927,0.00107,-3.35048,1.30588,,2020
AUDUSD,-1,2020-10-14 05:00:00,2020-10-14 11:00:00,0.71658,0.71807,0.71807,0.71361,1.1993,-14.9,-178.14,-178.14,6,stop_loss,28.89977,0.00099,-1.675,0.84437,tokyo,2020
AUDUSD,-1,2020-10-14 15:00:00,2020-10-15 01:00:00,0.71755,0.71445,0.7191,0.71445,1.1384,31.0,352.72,352.72,10,take_profit,21.24597,0.00103,-0.28415,0.46194,london,2020
AUDUSD,1,2020-10-15 13:00:00,2020-10-15 16:00:00,0.70835,0.70612,0.70612,0.7128,0.8082,-22.3,-179.88,-179.88,3,stop_loss,36.68074,0.00148,-4.725,-0.92457,london,2020
AUDUSD,1,2020-10-16 19:00:00,2020-10-19 05:00:00,0.70823,0.7093,0.70644,0.7118,0.9971,10.7,106.69,106.69,10,time_exit,21.52782,0.00119,-1.83373,-3.46538,new_york,2020
AUDUSD,-1,2020-10-19 08:00:00,2020-10-19 10:00:00,0.70856,0.71011,0.71011,0.70545,1.1538,-15.5,-179.15,-179.16,2,stop_loss,14.54802,0.00104,-1.15818,-3.93807,tokyo,2020
AUDUSD,1,2020-10-21 16:00:00,2020-10-22 02:00:00,0.71053,0.71042,0.70853,0.71453,0.8858,-1.1,-9.74,-9.75,10,time_exit,23.16989,0.00133,2.58759,-2.77184,new_york,2020
AUDUSD,-1,2020-10-22 12:00:00,2020-10-22 20:00:00,0.71029,0.71215,0.71215,0.70656,0.9514,-18.6,-177.26,-177.26,8,stop_loss,22.8722,0.00124,0.93591,-1.35188,london,2020
AUDUSD,-1,2020-10-22 20:00:00,2020-10-23 01:00:00,0.71162,0.71353,0.71353,0.7078,0.9177,-19.1,-175.49,-175.49,5,stop_loss,18.06142,0.00127,1.63061,-0.98056,new_york,2020
AUDUSD,1,2020-10-23 12:00:00,2020-10-23 16:00:00,0.71443,0.7125,0.7125,0.71829,0.8997,-19.3,-173.74,-173.74,4,stop_loss,16.89752,0.00129,2.85013,-0.17152,london,2020
AUDUSD,1,2020-10-23 20:00:00,2020-10-26 06:00:00,0.71191,0.71137,0.70981,0.71611,0.8199,-5.4,-44.27,-44.28,10,time_exit,17.36553,0.0014,0.42491,0.13466,new_york,2020
AUDUSD,-1,2020-10-27 07:00:00,2020-10-27 17:00:00,0.71318,0.71355,0.71496,0.70962,0.9639,-3.7,-35.66,-35.67,10,time_exit,11.2811,0.00119,0.86519,0.53934,tokyo,2020
AUDUSD,1,2020-10-28 05:00:00,2020-10-28 12:00:00,0.71324,0.71157,0.71157,0.71657,1.0269,-16.7,-171.2,-171.2,7,stop_loss,13.54406,0.00111,0.50932,0.76749,tokyo,2020
AUDUSD,1,2020-10-28 15:00:00,2020-10-28 16:00:00,0.70772,0.70573,0.70573,0.71169,0.8535,-19.9,-169.48,-169.49,1,stop_loss,19.23541,0.00132,-3.62792,0.48897,london,2020
AUDUSD,1,2020-10-29 00:00:00,2020-10-29 10:00:00,0.70433,0.70599,0.70214,0.70871,0.7656,16.6,127.09,127.09,10,time_exit,39.61715,0.00146,-4.11532,-0.63543,tokyo,2020
AUDUSD,-1,2020-10-30 22:00:00,2020-11-02 08:00:00,0.70292,0.70038,0.70554,0.69768,0.6453,25.4,163.91,163.9,10,time_exit,16.52845,0.00175,-1.05721,-2.191,,2020
AUDUSD,-1,2020-11-04 09:00:00,2020-11-04 14:00:00,0.70952,0.71457,0.71457,0.69942,0.3379,-50.5,-170.72,-170.72,5,stop_loss,32.59706,0.00337,-0.01188,0.36104,london,2020
AUDUSD,-1,2020-11-09 07:00:00,2020-11-09 13:00:00,0.7291,0.73151,0.73151,0.72427,0.7001,-24.1,-169.0,-169.0,6,stop_loss,15.29428,0.00161,2.72444,5.43016,tokyo,2020
AUDUSD,1,2020-11-10 11:00:00,2020-11-10 15:00:00,0.72838,0.72569,0.72569,0.73376,0.6215,-26.9,-167.3,-167.3,4,stop_loss,9.11205,0.00179,0.63014,4.56058,london,2020
AUDUSD,-1,2020-11-12 01:00:00,2020-11-12 11:00:00,0.72769,0.72737,0.72944,0.72419,0.9467,3.2,30.29,30.29,10,time_exit,16.06304,0.00117,-0.27134,5.17299,tokyo,2020
AUDUSD,1,2020-11-12 19:00:00,2020-11-12 20:00:00,0.72665,0.72447,0.72447,0.73101,0.7616,-21.8,-165.94,-165.94,1,stop_loss,14.79851,0.00145,-0.4832,3.15199,new_york,2020
AUDUSD,-1,2020-11-13 07:00:00,2020-11-13 11:00:00,0.7229,0.72487,0.72487,0.71897,0.835,-19.7,-164.27,-164.28,4,stop_loss,26.771,0.00131,-2.1935,2.247,tokyo,2020
AUDUSD,-1,2020-11-16 12:00:00,2020-11-16 13:00:00,0.72888,0.73059,0.73059,0.72545,0.9487,-17.1,-162.63,-162.63,1,stop_loss,29.90576,0.00114,1.76595,2.63081,london,2020
AUDUSD,1,2020-11-16 13:00:00,2020-11-16 17:00:00,0.72847,0.73184,0.72678,0.73184,0.9543,33.7,322.01,322.01,4,take_profit,29.54084,0.00112,1.37372,2.68829,london,2020
AUDUSD,-1,2020-11-17 02:00:00,2020-11-17 11:00:00,0.73197,0.73372,0.73372,0.72846,0.9368,-17.5,-164.23,-164.23,9,stop_loss,38.91262,0.00117,2.83169,3.32487,tokyo,2020
AUDUSD,1,2020-11-18 09:00:00,2020-11-18 11:00:00,0.7295,0.73275,0.72788,0.73275,1.0017,32.5,325.16,325.16,2,take_profit,28.89786,0.00108,-0.24111,3.18773,london,2020
AUDUSD,1,2020-11-19 02:00:00,2020-11-19 10:00:00,0.72971,0.72791,0.72791,0.7333,0.9233,-18.0,-165.84,-165.84,8,stop_loss,16.72988,0.0012,-0.65787,2.8431,tokyo,2020
AUDUSD,-1,2020-11-20 20:00:00,2020-11-23 06:00:00,0.73096,0.73127,0.73287,0.72714,0.8586,-3.1,-26.62,-26.62,10,time_exit,17.32985,0.00127,1.18408,1.37178,new_york,2020
AUDUSD,-1,2020-11-23 06:00:00,2020-11-23 11:00:00,0.73158,0.73313,0.73313,0.72847,1.0544,-15.5,-163.91,-163.91,5,stop_loss,17.88187,0.00104,1.46226,1.9516,tokyo,2020
AUDUSD,-1,2020-11-23 22:00:00,2020-11-24 03:00:00,0.72901,0.73099,0.73099,0.72504,0.8184,-19.8,-162.27,-162.27,5,stop_loss,26.09303,0.00132,-1.01927,1.43529,,2020
AUDUSD,1,2020-11-24 13:00:00,2020-11-24 15:00:00,0.73482,0.73268,0.73268,0.73911,0.7497,-21.4,-160.65,-160.66,2,stop_loss,27.59538,0.00143,2.64611,1.50168,london,2020
AUDUSD,1,2020-11-24 23:00:00,2020-11-25 07:00:00,0.73619,0.73404,0.73404,0.74049,0.7405,-21.5,-159.04,-159.04,8,stop_loss,22.59547,0.00143,2.78947,1.935,,2020
AUDUSD,-1,2020-11-25 09:00:00,2020-11-25 10:00:00,0.7334,0.73534,0.73534,0.72952,0.8121,-19.4,-157.45,-157.46,1,stop_loss,22.75636,0.00129,0.11991,2.51139,london,2020
AUDUSD,1,2020-11-25 17:00:00,2020-11-26 03:00:00,0.73378,0.73677,0.73181,0.73772,0.7907,29.9,236.42,236.42,10,time_exit,15.23878,0.00131,0.15797,2.4581,new_york,2020
AUDUSD,1,2020-11-27 08:00:00,2020-11-27 14:00:00,0.73798,0.73668,0.73668,0.74058,1.2176,-13.0,-158.24,-158.25,6,stop_loss,10.55412,0.00087,2.57782,4.02354,tokyo,2020
AUDUSD,-1,2020-11-30 05:00:00,2020-11-30 15:00:00,0.73907,0.7381,0.74073,0.73575,0.945,9.7,91.67,91.66,10,time_exit,20.01089,0.00111,1.49452,3.58653,tokyo,2020
AUDUSD,1,2020-12-01 22:00:00,2020-12-02 08:00:00,0.73642,0.73713,0.73476,0.73974,0.9489,7.1,67.37,67.37,10,time_exit,18.12019,0.00111,0.03457,1.76091,,2020
AUDUSD,1,2020-12-02 19:00:00,2020-12-03 05:00:00,0.73941,0.74099,0.73728,0.74366,0.7444,15.8,117.62,117.61,10,time_exit,14.87691,0.00142,1.72012,1.3917,new_york,2020
AUDUSD,-1,2020-12-07 00:00:00,2020-12-07 10:00:00,0.74299,0.73959,0.74473,0.7395,0.9147,34.0,311.0,311.0,10,time_exit,13.05623,0.00116,0.35036,3.48588,tokyo,2020
AUDUSD,-1,2020-12-08 09:00:00,2020-12-08 11:00:00,0.74127,0.74286,0.74286,0.7381,1.0245,-15.9,-162.53,-162.53,2,stop_loss,15.73486,0.00106,-0.87775,2.74576,london,2020
AUDUSD,1,2020-12-08 23:00:00,2020-12-09 06:00:00,0.741,0.74422,0.73939,0.74422,0.9979,32.2,321.82,321.82,7,take_profit,16.39184,0.00107,-0.83591,2.14735,,2020
AUDUSD,-1,2020-12-09 16:00:00,2020-12-09 18:00:00,0.74832,0.74486,0.75005,0.74486,0.9485,34.6,328.25,328.25,2,take_profit,33.58737,0.00115,4.25612,2.63658,new_york,2020
AUDUSD,-1,2020-12-10 13:00:00,2020-12-10 15:00:00,0.74878,0.75077,0.75077,0.7448,0.8414,-19.9,-167.4,-167.41,2,stop_loss,21.63741,0.00133,2.91207,2.65035,london,2020
AUDUSD,1,2020-12-11 06:00:00,2020-12-11 10:00:00,0.75609,0.75403,0.75403,0.76021,0.8038,-20.6,-165.73,-165.73,4,stop_loss,38.38701,0.00137,5.19182,4.19563,tokyo,2020
AUDUSD,1,2020-12-14 05:00:00,2020-12-14 14:00:00,0.75384,0.75772,0.7519,0.75772,0.8468,38.8,328.15,328.15,9,take_profit,18.19628,0.00129,1.54186,5.01244,tokyo,2020
AUDUSD,1,2020-12-16 09:00:00,2020-12-16 19:00:00,0.75605,0.75631,0.75449,0.75918,1.0703,2.6,27.83,27.83,10,time_exit,24.99868,0.00104,1.72344,4.97814,london,2020
AUDUSD,-1,2020-12-17 00:00:00,2020-12-17 07:00:00,0.75763,0.75934,0.75934,0.7542,0.9782,-17.1,-167.63,-167.63,7,stop_loss,21.94339,0.00114,2.03832,4.5906,tokyo,2020
AUDUSD,-1,2020-12-17 12:00:00,2020-12-17 22:00:00,0.7634,0.76187,0.76517,0.75986,0.9387,15.3,143.62,143.62,10,time_exit,26.82314,0.00118,5.40778,4.95345,london,2020
AUDUSD,-1,2020-12-21 06:00:00,2020-12-21 09:00:00,0.75716,0.75274,0.75937,0.75274,0.757,44.2,334.81,334.81,3,take_profit,18.95459,0.00147,-1.81083,3.61858,tokyo,2020
AUDUSD,1,2020-12-21 15:00:00,2020-12-21 19:00:00,0.75153,0.7578,0.7484,0.7578,0.5447,62.7,341.49,341.48,4,take_profit,37.20248,0.00209,-2.94314,1.58977,london,2020
AUDUSD,1,2020-12-22 14:00:00,2020-12-22 16:00:00,0.75513,0.75266,0.75266,0.76008,0.7039,-24.7,-174.17,-174.17,2,stop_loss,20.582,0.00165,-0.9817,1.20848,london,2020
AUDUSD,-1,2020-12-23 18:00:00,2020-12-24 04:00:00,0.75784,0.75908,0.7603,0.75292,0.7011,-12.4,-86.94,-86.94,10,time_exit,18.54747,0.00164,1.26889,0.58744,new_york,2020
AUDUSD,1,2020-12-28 02:00:00,2020-12-28 03:00:00,0.76107,0.75929,0.75929,0.76463,0.9635,-17.8,-171.55,-171.55,1,stop_loss,13.76861,0.00119,2.42434,1.95257,tokyo,2020
AUDUSD,1,2020-12-28 11:00:00,2020-12-28 12:00:00,0.7612,0.75954,0.75954,0.76451,1.0252,-16.6,-169.84,-169.84,1,stop_loss,12.5287,0.0011,1.92226,2.49408,london,2020
AUDUSD,-1,2020-12-28 17:00:00,2020-12-29 03:00:00,0.75928,0.75916,0.76119,0.75546,0.8798,1.2,10.56,10.56,10,time_exit,17.09751,0.00127,0.11314,2.06846,new_york,2020
AUDUSD,1,2020-12-29 23:00:00,2020-12-30 04:00:00,0.76077,0.76395,0.75918,0.76395,1.0575,31.8,336.48,336.48,5,take_profit,19.24012,0.00106,1.02522,2.248,,2020
AUDUSD,-1,2020-12-30 17:00:00,2020-12-31 02:00:00,0.76736,0.76912,0.76912,0.76384,0.9742,-17.6,-171.62,-171.62,9,stop_loss,39.73927,0.00117,4.24851,3.29711,new_york,2020
AUDUSD,1,2021-01-04 02:00:00,2021-01-04 03:00:00,0.77113,0.76889,0.76889,0.77562,0.7568,-22.4,-169.9,-169.9,1,stop_loss,37.516,0.0015,2.0307,4.35773,tokyo,2021
AUDUSD,-1,2021-01-04 20:00:00,2021-01-05 04:00:00,0.76608,0.76867,0.76867,0.7609,0.65,-25.9,-168.2,-168.21,8,stop_loss,23.09677,0.00173,-1.91151,3.65249,new_york,2021
AUDUSD,-1,2021-01-06 13:00:00,2021-01-06 23:00:00,0.78135,0.78062,0.78396,0.77613,0.6385,7.3,46.61,46.61,10,time_exit,30.58112,0.00174,4.38057,4.13025,london,2021
AUDUSD,-1,2021-01-07 03:00:00,2021-01-07 12:00:00,0.77977,0.77449,0.78241,0.77449,0.632,52.8,333.95,333.95,9,take_profit,16.92882,0.00176,2.00294,4.53228,tokyo,2021
AUDUSD,-1,2021-01-08 03:00:00,2021-01-08 08:00:00,0.77565,0.77797,0.77797,0.77101,0.7348,-23.2,-170.3,-170.31,5,stop_loss,21.87209,0.00155,-0.37123,4.03735,tokyo,2021
AUDUSD,-1,2021-01-08 09:00:00,2021-01-08 16:00:00,0.77773,0.77987,0.77987,0.77345,0.787,-21.4,-168.6,-168.61,7,stop_loss,19.5848,0.00143,1.00781,4.14911,london,2021
AUDUSD,-1,2021-01-12 04:00:00,2021-01-12 09:00:00,0.77033,0.77272,0.77272,0.76556,0.6994,-23.9,-166.93,-166.93,5,stop_loss,30.18308,0.00159,-1.31331,0.83828,tokyo,2021
AUDUSD,1,2021-01-12 13:00:00,2021-01-12 21:00:00,0.77203,0.77698,0.76955,0.77698,0.6674,49.5,330.53,330.53,8,take_profit,23.82006,0.00165,-0.05801,0.60305,london,2021
AUDUSD,1,2021-01-13 14:00:00,2021-01-14 00:00:00,0.77389,0.77324,0.77183,0.778,0.8202,-6.5,-53.31,-53.32,10,time_exit,18.23086,0.00137,-0.23038,1.58147,london,2021
AUDUSD,-1,2021-01-15 19:00:00,2021-01-18 05:00:00,0.77218,0.76943,0.77462,0.76731,0.69,27.5,189.75,189.75,10,time_exit,26.55917,0.00162,-1.66143,0.94881,new_york,2021
AUDUSD,-1,2021-01-18 13:00:00,2021-01-18 17:00:00,0.76674,0.76881,0.76881,0.7626,0.8219,-20.7,-169.93,-169.94,4,stop_loss,44.1732,0.00138,-3.7113,-0.57692,london,2021
AUDUSD,-1,2021-01-18 17:00:00,2021-01-19 03:00:00,0.76868,0.77073,0.77073,0.76459,0.8226,-20.5,-168.22,-168.23,10,stop_loss,43.25521,0.00136,-1.91092,-0.8726,new_york,2021
AUDUSD,-1,2021-01-20 00:00:00,2021-01-20 01:00:00,0.76948,0.7712,0.7712,0.76604,0.967,-17.2,-166.55,-166.55,1,stop_loss,18.36245,0.00115,-0.63271,-1.20605,tokyo,2021
AUDUSD,-1,2021-01-20 15:00:00,2021-01-20 17:00:00,0.77253,0.77417,0.77417,0.76925,1.006,-16.4,-164.88,-164.88,2,stop_loss,25.663,0.00109,1.11289,-0.50245,london,2021
AUDUSD,-1,2021-01-21 01:00:00,2021-01-21 03:00:00,0.77476,0.77644,0.77644,0.77141,0.9743,-16.8,-163.23,-163.23,2,stop_loss,36.41036,0.00112,2.18109,0.16369,tokyo,2021
AUDUSD,-1,2021-01-21 13:00:00,2021-01-21 23:00:00,0.7774,0.77648,0.77911,0.77397,0.9435,9.2,86.8,86.8,10,time_exit,39.1571,0.00114,2.99093,1.20515,london,2021
AUDUSD,1,2021-01-22 09:00:00,2021-01-22 11:00:00,0.77343,0.7718,0.7718,0.77669,0.9963,-16.3,-162.47,-162.47,2,stop_loss,19.88768,0.00109,-1.25331,1.51241,london,2021
AUDUSD,-1,2021-01-25 19:00:00,2021-01-26 05:00:00,0.77024,0.77011,0.77233,0.76606,0.7691,1.3,10.0,10.0,10,time_exit,20.84854,0.00139,-1.89753,0.00493,new_york,2021
AUDUSD,1,2021-01-26 23:00:00,2021-01-27 06:00:00,0.77496,0.77315,0.77315,0.77858,0.8894,-18.1,-160.94,-160.94,7,stop_loss,27.60129,0.00121,2.25387,-0.26451,,2021
AUDUSD,1,2021-01-28 02:00:00,2021-01-28 06:00:00,0.76485,0.76217,0.76217,0.77022,0.5939,-26.8,-159.34,-159.34,4,stop_loss,42.45752,0.00179,-3.29376,-0.77304,tokyo,2021
AUDUSD,-1,2021-02-03 01:00:00,2021-02-03 11:00:00,0.76069,0.76165,0.76298,0.75611,0.6895,-9.6,-66.19,-66.19,10,time_exit,22.37694,0.00153,-0.89127,-3.02855,tokyo,2021
AUDUSD,-1,2021-02-03 12:00:00,2021-02-03 22:00:00,0.76167,0.76209,0.76367,0.75766,0.7835,-4.2,-32.91,-32.91,10,time_exit,13.33401,0.00134,-0.11169,-3.20486,london,2021
AUDUSD,1,2021-02-05 17:00:00,2021-02-08 03:00:00,0.76474,0.76786,0.7627,0.76882,0.7687,31.2,239.83,239.83,10,time_exit,21.17296,0.00136,2.56487,-2.12886,new_york,2021
AUDUSD,1,2021-02-08 13:00:00,2021-02-08 16:00:00,0.76564,0.76899,0.76397,0.76899,0.9515,33.5,318.28,318.28,3,take_profit,34.86177,0.00112,1.09221,-0.21671,london,2021
AUDUSD,1,2021-02-10 21:00:00,2021-02-11 07:00:00,0.77266,0.77409,0.77063,0.77671,0.8009,14.3,114.53,114.53,10,time_exit,13.79408,0.00135,0.42949,3.01702,new_york,2021
AUDUSD,-1,2021-02-11 12:00:00,2021-02-11 15:00:00,0.77449,0.77609,0.77609,0.77128,1.0192,-16.0,-163.47,-163.47,3,stop_loss,14.70125,0.00107,1.78344,3.62204,london,2021
AUDUSD,1,2021-02-12 16:00:00,2021-02-12 18:00:00,0.77228,0.77533,0.77075,0.77533,1.0604,30.5,323.66,323.66,2,take_profit,17.26085,0.00102,-1.35462,3.49591,new_york,2021
AUDUSD,1,2021-02-16 09:00:00,2021-02-16 15:00:00,0.77865,0.77721,0.77721,0.78153,1.1451,-14.4,-165.07,-165.08,6,stop_loss,18.89549,0.00096,1.45614,4.76049,london,2021
AUDUSD,1,2021-02-17 11:00:00,2021-02-17 12:00:00,0.77662,0.77469,0.77469,0.78048,0.8471,-19.3,-163.42,-163.42,1,stop_loss,26.90987,0.00129,0.21716,2.25268,london,2021
AUDUSD,-1,2021-02-19 04:00:00,2021-02-19 08:00:00,0.77672,0.77851,0.77851,0.77314,0.9036,-17.9,-161.78,-161.78,4,stop_loss,12.33117,0.00119,0.45744,1.60516,tokyo,2021
AUDUSD,-1,2021-02-19 09:00:00,2021-02-19 10:00:00,0.77859,0.78026,0.78026,0.77525,0.9597,-16.7,-160.17,-160.17,1,stop_loss,12.5666,0.00111,1.99241,1.77706,london,2021
AUDUSD,-1,2021-02-22 02:00:00,2021-02-22 03:00:00,0.78823,0.79024,0.79024,0.78421,0.7897,-20.1,-158.57,-158.57,1,stop_loss,46.25986,0.00134,5.35923,3.66037,tokyo,2021
AUDUSD,1,2021-02-22 21:00:00,2021-02-23 07:00:00,0.7923,0.79194,0.79015,0.79659,0.7311,-3.6,-26.32,-26.32,10,time_exit,44.27853,0.00143,4.79644,4.90129,new_york,2021
AUDUSD,-1,2021-02-23 23:00:00,2021-02-24 03:00:00,0.7914,0.79342,0.79342,0.78737,0.7775,-20.2,-156.72,-156.72,4,stop_loss,20.1079,0.00134,1.7988,5.73141,,2021
AUDUSD,1,2021-02-24 03:00:00,2021-02-24 13:00:00,0.79205,0.79248,0.7901,0.79595,0.7951,4.3,34.19,34.19,10,time_exit,16.28248,0.0013,2.09862,5.87853,tokyo,2021
AUDUSD,-1,2021-02-24 22:00:00,2021-02-24 23:00:00,0.79429,0.79641,0.79641,0.79004,0.7321,-21.2,-155.49,-155.5,1,stop_loss,15.55619,0.00142,2.3579,5.25287,,2021
AUDUSD,1,2021-03-01 00:00:00,2021-03-01 10:00:00,0.77098,0.77482,0.76695,0.77903,0.3822,38.4,146.76,146.76,10,time_exit,57.31643,0.00268,-4.82703,-0.3788,tokyo,2021
AUDUSD,1,2021-03-01 15:00:00,2021-03-02 01:00:00,0.7734,0.77732,0.77027,0.77967,0.4958,39.2,194.35,194.35,10,time_exit,31.36943,0.00209,-2.89823,-1.79904,london,2021
AUDUSD,1,2021-03-02 22:00:00,2021-03-03 08:00:00,0.78284,0.78163,0.78009,0.78834,0.5718,-12.1,-69.19,-69.19,10,time_exit,20.57392,0.00183,2.22562,-1.66259,,2021
AUDUSD,-1,2021-03-03 11:00:00,2021-03-03 16:00:00,0.78225,0.77785,0.78445,0.77785,0.7124,44.0,313.34,313.34,5,take_profit,19.30927,0.00147,1.38336,-1.13319,london,2021
AUDUSD,1,2021-03-04 07:00:00,2021-03-04 12:00:00,0.7793,0.77684,0.77684,0.78421,0.6504,-24.6,-159.8,-159.8,5,stop_loss,23.50822,0.00164,-0.17048,-1.11404,tokyo,2021
AUDUSD,-1,2021-03-04 21:00:00,2021-03-05 07:00:00,0.77097,0.77236,0.77437,0.76416,0.4646,-13.9,-64.58,-64.58,10,time_exit,22.33229,0.00227,-3.52593,-0.89581,new_york,2021
AUDUSD,-1,2021-03-05 10:00:00,2021-03-05 15:00:00,0.76984,0.76401,0.77276,0.76401,0.5404,58.3,315.12,315.12,5,take_profit,37.53731,0.00194,-3.10994,-2.03322,london,2021
AUDUSD,1,2021-03-05 22:00:00,2021-03-08 08:00:00,0.76886,0.76936,0.76538,0.77582,0.4616,5.0,23.08,23.08,10,time_exit,40.76795,0.00232,-1.62106,-2.50009,,2021
AUDUSD,1,2021-03-08 14:00:00,2021-03-09 00:00:00,0.76585,0.76448,0.76271,0.77212,0.5132,-13.7,-70.31,-70.31,10,time_exit,25.13446,0.00209,-2.28048,-3.03517,london,2021
AUDUSD,-1,2021-03-09 00:00:00,2021-03-09 09:00:00,0.76478,0.76774,0.76774,0.75885,0.5405,-29.6,-160.23,-160.23,9,stop_loss,23.83835,0.00198,-2.15057,-3.46759,tokyo,2021
AUDUSD,-1,2021-03-10 07:00:00,2021-03-10 11:00:00,0.76837,0.77049,0.77049,0.76412,0.7471,-21.2,-158.62,-158.62,4,stop_loss,19.55377,0.00142,-0.56724,-3.4278,tokyo,2021
AUDUSD,-1,2021-03-11 20:00:00,2021-03-12 03:00:00,0.77738,0.77974,0.77974,0.77266,0.6651,-23.6,-157.04,-157.04,7,stop_loss,29.41848,0.00157,2.44989,-0.31219,new_york,2021
AUDUSD,1,2021-03-12 21:00:00,2021-03-15 07:00:00,0.77615,0.77486,0.77358,0.78128,0.6058,-12.9,-78.15,-78.15,10,time_exit,23.83319,0.00171,0.47272,0.43061,new_york,2021
AUDUSD,-1,2021-03-15 16:00:00,2021-03-15 21:00:00,0.77325,0.77537,0.77537,0.769,0.7286,-21.2,-154.7,-154.7,5,stop_loss,20.11167,0.00142,-1.2498,0.26152,new_york,2021
AUDUSD,1,2021-03-16 22:00:00,2021-03-17 04:00:00,0.77452,0.77254,0.77254,0.77849,0.7722,-19.8,-153.14,-153.14,6,stop_loss,19.1308,0.00132,1e-05,-0.02961,,2021
AUDUSD,-1,2021-03-22 08:00:00,2021-03-22 17:00:00,0.77259,0.77489,0.77489,0.76798,0.6582,-23.0,-151.6,-151.61,9,stop_loss,28.91675,0.00154,-1.47743,-0.20544,tokyo,2021
AUDUSD,1,2021-03-23 12:00:00,2021-03-23 13:00:00,0.76888,0.7668,0.7668,0.77305,0.7205,-20.8,-150.09,-150.09,1,stop_loss,33.55731,0.00139,-3.0677,-1.01863,london,2021
AUDUSD,1,2021-03-24 02:00:00,2021-03-24 05:00:00,0.76254,0.76026,0.76026,0.7671,0.6513,-22.8,-148.59,-148.59,3,stop_loss,46.67041,0.00152,-4.78054,-2.34978,tokyo,2021
AUDUSD,1,2021-03-24 06:00:00,2021-03-24 16:00:00,0.76009,0.76093,0.75777,0.76472,0.6353,8.4,53.37,53.36,10,time_exit,51.91485,0.00154,-5.43212,-2.87484,tokyo,2021
AUDUSD,1,2021-03-25 03:00:00,2021-03-25 13:00:00,0.75908,0.76119,0.75702,0.7632,0.7172,21.1,151.33,151.33,10,time_exit,42.35389,0.00137,-3.42228,-4.90556,tokyo,2021
AUDUSD,-1,2021-03-29 17:00:00,2021-03-30 03:00:00,0.76343,0.76352,0.76546,0.75937,0.7348,-0.9,-6.61,-6.62,10,time_exit,21.35627,0.00135,0.61407,-2.80844,new_york,2021
AUDUSD,-1,2021-03-30 18:00:00,2021-03-31 04:00:00,0.75985,0.76076,0.76199,0.75556,0.6958,-9.1,-63.32,-63.32,10,time_exit,21.65058,0.00143,-2.1005,-1.98736,new_york,2021
AUDUSD,1,2021-03-31 14:00:00,2021-03-31 21:00:00,0.76157,0.75979,0.75979,0.76513,0.8335,-17.8,-148.46,-148.47,7,stop_loss,20.95349,0.00119,0.00195,-2.66385,london,2021
AUDUSD,1,2021-04-01 11:00:00,2021-04-01 19:00:00,0.75709,0.76146,0.7549,0.76146,0.6722,43.7,293.94,293.94,8,take_profit,26.80413,0.00146,-1.84186,-2.63102,london,2021
AUDUSD,-1,2021-04-02 14:00:00,2021-04-05 00:00:00,0.76176,0.76028,0.76315,0.75897,1.076,14.8,159.25,159.25,10,time_exit,28.50434,0.00093,1.04146,-2.3632,london,2021
AUDUSD,1,2021-04-06 19:00:00,2021-04-07 05:00:00,0.76592,0.76514,0.76394,0.76988,0.7646,-7.8,-59.64,-59.64,10,time_exit,20.39571,0.00132,2.05873,0.14056,new_york,2021
AUDUSD,-1,2021-04-07 21:00:00,2021-04-08 07:00:00,0.76183,0.76283,0.76391,0.75768,0.7265,-10.0,-72.65,-72.65,10,time_exit,16.85822,0.00138,-1.38985,0.31853,new_york,2021
AUDUSD,1,2021-04-12 19:00:00,2021-04-13 05:00:00,0.76191,0.76105,0.76022,0.7653,0.887,-8.6,-76.28,-76.28,10,time_exit,20.41824,0.00113,-0.4148,-0.5049,new_york,2021
AUDUSD,1,2021-04-13 13:00:00,2021-04-13 14:00:00,0.76155,0.75994,0.75994,0.76477,0.929,-16.1,-149.41,-149.41,1,stop_loss,18.19867,0.00107,-0.26352,-0.80176,london,2021
AUDUSD,1,2021-04-14 04:00:00,2021-04-14 08:00:00,0.76397,0.76717,0.76237,0.76717,0.9248,32.0,295.85,295.85,4,take_profit,12.70406,0.00107,1.33522,-0.21145,tokyo,2021
AUDUSD,1,2021-04-14 13:00:00,2021-04-14 17:00:00,0.76887,0.77242,0.76709,0.77242,0.8491,35.5,301.77,301.76,4,take_profit,21.49219,0.00118,4.15266,0.68178,london,2021
AUDUSD,-1,2021-04-19 08:00:00,2021-04-19 10:00:00,0.77354,0.77517,0.77517,0.77027,0.9427,-16.3,-153.9,-153.9,2,stop_loss,15.66934,0.00109,0.73959,4.23929,tokyo,2021
AUDUSD,1,2021-04-19 12:00:00,2021-04-19 17:00:00,0.77786,0.77595,0.77595,0.78168,0.7968,-19.1,-152.36,-152.36,5,stop_loss,18.65305,0.00127,3.67377,3.72796,london,2021
AUDUSD,-1,2021-04-21 05:00:00,2021-04-21 15:00:00,0.77177,0.77181,0.77391,0.7675,0.7065,-0.4,-2.83,-2.83,10,time_exit,34.36625,0.00142,-2.24694,2.80369,tokyo,2021
AUDUSD,1,2021-04-21 19:00:00,2021-04-22 05:00:00,0.77543,0.77602,0.77313,0.78002,0.657,5.9,38.76,38.76,10,time_exit,30.59442,0.00153,1.0255,1.78286,new_york,2021
AUDUSD,1,2021-04-22 16:00:00,2021-04-22 17:00:00,0.77368,0.77185,0.77185,0.77735,0.8244,-18.3,-151.19,-151.19,1,stop_loss,18.86618,0.00122,-0.64449,2.11781,new_york,2021
AUDUSD,-1,2021-04-22 23:00:00,2021-04-23 06:00:00,0.77065,0.77277,0.77277,0.7664,0.7051,-21.2,-149.68,-149.68,7,stop_loss,23.72532,0.00142,-2.20135,1.355,,2021
AUDUSD,1,2021-04-26 04:00:00,2021-04-26 12:00:00,0.77569,0.7791,0.77399,0.7791,0.8697,34.1,296.38,296.38,8,take_profit,12.19849,0.00114,1.69012,1.32406,tokyo,2021
AUDUSD,1,2021-04-27 14:00:00,2021-04-27 17:00:00,0.77824,0.77662,0.77662,0.78149,0.9314,-16.2,-151.15,-151.15,3,stop_loss,20.40114,0.00108,0.65583,3.12616,london,2021
AUDUSD,-1,2021-05-04 04:00:00,2021-05-04 10:00:00,0.77543,0.7725,0.7769,0.7725,1.0207,29.3,299.29,299.29,6,take_profit,24.58653,0.00098,0.67814,-0.26685,tokyo,2021
AUDUSD,1,2021-05-06 00:00:00,2021-05-06 05:00:00,0.77448,0.77288,0.77288,0.77769,0.9515,-16.0,-152.62,-152.63,5,stop_loss,12.2021,0.00107,1.34272,-0.85016,tokyo,2021
AUDUSD,-1,2021-05-06 12:00:00,2021-05-06 16:00:00,0.77454,0.77653,0.77653,0.77056,0.7595,-19.9,-151.1,-151.1,4,stop_loss,12.74412,0.00133,0.75759,-0.48164,london,2021
AUDUSD,1,2021-05-06 22:00:00,2021-05-07 08:00:00,0.77728,0.77755,0.77519,0.78146,0.7156,2.7,19.32,19.32,10,time_exit,17.37107,0.00139,2.05719,0.02879,,2021
AUDUSD,1,2021-05-07 13:00:00,2021-05-07 15:00:00,0.77742,0.78091,0.77568,0.78091,0.8585,34.9,299.56,299.56,2,take_profit,18.92242,0.00116,1.2928,0.92708,london,2021
AUDUSD,-1,2021-05-07 17:00:00,2021-05-07 18:00:00,0.78184,0.78429,0.78429,0.77694,0.6236,-24.5,-152.78,-152.78,1,stop_loss,23.20087,0.00163,3.28623,0.89073,new_york,2021
AUDUSD,1,2021-05-11 00:00:00,2021-05-11 10:00:00,0.78288,0.78299,0.78076,0.78711,0.715,1.1,7.86,7.86,10,time_exit,36.6486,0.00141,-0.20173,3.66627,tokyo,2021
AUDUSD,-1,2021-05-11 18:00:00,2021-05-12 04:00:00,0.78331,0.78148,0.78572,0.77848,0.6268,18.3,114.7,114.7,10,time_exit,21.01785,0.00161,-0.06392,2.85625,new_york,2021
AUDUSD,1,2021-05-13 14:00:00,2021-05-14 00:00:00,0.76981,0.77262,0.76713,0.77517,0.5691,28.1,159.92,159.91,10,time_exit,46.77393,0.00179,-3.74962,-0.87622,london,2021
AUDUSD,-1,2021-05-14 23:00:00,2021-05-17 09:00:00,0.77793,0.77622,0.77984,0.77411,0.8075,17.1,138.08,138.08,10,time_exit,32.97399,0.00127,2.15601,-1.39488,,2021
AUDUSD,1,2021-05-18 04:00:00,2021-05-18 10:00:00,0.77769,0.78109,0.77599,0.78109,0.9138,34.0,310.91,310.9,6,take_profit,13.26863,0.00113,1.50567,-0.71955,tokyo,2021
AUDUSD,-1,2021-05-18 15:00:00,2021-05-19 01:00:00,0.77997,0.77948,0.78171,0.77648,0.91,4.9,44.59,44.59,10,time_exit,25.33051,0.00116,2.34301,0.14483,london,2021
AUDUSD,1,2021-05-19 19:00:00,2021-05-19 21:00:00,0.77531,0.77301,0.77301,0.77991,0.6915,-23.0,-159.02,-159.02,2,stop_loss,27.63341,0.00153,-1.25006,-0.00187,new_york,2021
AUDUSD,1,2021-05-19 22:00:00,2021-05-20 08:00:00,0.77159,0.77479,0.76906,0.77666,0.6212,32.0,198.78,198.78,10,time_exit,28.19576,0.00169,-3.13296,-0.15244,,2021
AUDUSD,1,2021-05-20 12:00:00,2021-05-20 22:00:00,0.77418,0.77734,0.77186,0.77882,0.6867,31.6,217.0,217.0,10,time_exit,24.06442,0.00155,-0.87573,-0.73094,london,2021
AUDUSD,-1,2021-05-21 03:00:00,2021-05-21 13:00:00,0.77694,0.77716,0.77871,0.7734,0.9119,-2.2,-20.06,-20.06,10,time_exit,24.1123,0.00118,0.72854,-0.49643,tokyo,2021
AUDUSD,1,2021-05-21 17:00:00,2021-05-21 18:00:00,0.77584,0.77379,0.77379,0.77994,0.7868,-20.5,-161.38,-161.39,1,stop_loss,17.22682,0.00137,-0.18259,-0.37939,new_york,2021
AUDUSD,1,2021-05-21 19:00:00,2021-05-24 05:00:00,0.77305,0.77252,0.77085,0.77745,0.726,-5.3,-38.48,-38.48,10,time_exit,18.35952,0.00147,-1.92123,-0.45352,new_york,2021
AUDUSD,-1,2021-05-24 20:00:00,2021-05-25 06:00:00,0.77441,0.77574,0.77624,0.77074,0.8689,-13.3,-115.56,-115.57,10,time_exit,16.2066,0.00122,0.14735,-1.26987,new_york,2021
AUDUSD,-1,2021-05-25 12:00:00,2021-05-25 19:00:00,0.77667,0.77357,0.77822,0.77357,1.0201,31.0,316.46,316.46,7,take_profit,13.50342,0.00103,1.67721,-0.79487,london,2021
AUDUSD,-1,2021-05-28 05:00:00,2021-05-28 09:00:00,0.7744,0.77163,0.77579,0.77163,1.1634,27.7,322.79,322.79,4,take_profit,11.31413,0.00092,-0.26337,-0.82565,tokyo,2021
AUDUSD,1,2021-05-31 14:00:00,2021-06-01 00:00:00,0.77367,0.7734,0.77229,0.77643,1.1951,-2.7,-32.27,-32.27,10,time_exit,17.05256,0.00092,0.94436,-1.81236,london,2021
AUDUSD,1,2021-06-03 18:00:00,2021-06-03 19:00:00,0.76732,0.76528,0.76528,0.7714,0.8056,-20.4,-164.3,-164.31,1,stop_loss,24.48089,0.00136,-4.41963,-0.65041,new_york,2021
AUDUSD,-1,2021-06-08 10:00:00,2021-06-08 20:00:00,0.77477,0.77378,0.77591,0.7725,1.4321,9.9,141.78,141.78,10,time_exit,28.12269,0.00076,1.169,0.68187,london,2021
AUDUSD,-1,2021-06-11 16:00:00,2021-06-11 17:00:00,0.77284,0.7697,0.77441,0.7697,1.0466,31.4,328.13,328.13,1,take_profit,13.05497,0.00105,-1.68349,0.6673,new_york,2021
AUDUSD,1,2021-06-14 04:00:00,2021-06-14 14:00:00,0.76978,0.7714,0.76837,0.77261,1.1833,16.2,191.69,191.69,10,time_exit,31.96936,0.00094,-3.3696,-0.56155,tokyo,2021
AUDUSD,-1,2021-06-14 15:00:00,2021-06-15 01:00:00,0.77143,0.7712,0.77287,0.76854,1.1718,2.3,26.95,26.95,10,time_exit,28.07687,0.00096,-0.91067,-0.99422,london,2021
AUDUSD,1,2021-06-15 12:00:00,2021-06-15 17:00:00,0.76918,0.76783,0.76783,0.77188,1.2554,-13.5,-169.54,-169.54,5,stop_loss,19.84056,0.0009,-2.51531,-1.46718,london,2021
AUDUSD,-1,2021-06-16 01:00:00,2021-06-16 09:00:00,0.76872,0.77007,0.77007,0.76603,1.2458,-13.5,-167.84,-167.85,8,stop_loss,31.78871,0.0009,-1.74373,-2.19654,tokyo,2021
AUDUSD,-1,2021-06-16 21:00:00,2021-06-16 22:00:00,0.76898,0.76663,0.77016,0.76663,1.4132,23.5,332.34,332.34,1,take_profit,17.73192,0.00078,0.43451,-2.13313,new_york,2021
AUDUSD,1,2021-06-17 14:00:00,2021-06-17 19:00:00,0.75728,0.75483,0.75483,0.76218,0.6911,-24.5,-169.48,-169.48,5,stop_loss,36.3116,0.00163,-5.22635,-2.70329,london,2021
AUDUSD,-1,2021-06-18 00:00:00,2021-06-18 10:00:00,0.75476,0.754,0.75712,0.75005,0.712,7.6,54.11,54.11,10,time_exit,43.05935,0.00157,-4.67849,-4.07645,tokyo,2021
AUDUSD,1,2021-06-18 18:00:00,2021-06-21 04:00:00,0.74841,0.75021,0.74585,0.75354,0.6568,18.0,118.22,118.22,10,time_exit,52.09985,0.00171,-5.47036,-5.02203,new_york,2021
AUDUSD,1,2021-06-21 16:00:00,2021-06-22 02:00:00,0.75098,0.75347,0.74871,0.75553,0.7454,24.9,185.6,185.6,10,time_exit,31.24871,0.00152,-1.53767,-6.47213,new_york,2021
AUDUSD,-1,2021-06-22 08:00:00,2021-06-22 18:00:00,0.75191,0.75273,0.75357,0.74859,1.0326,-8.2,-84.67,-84.68,10,time_exit,19.74118,0.00111,-1.09764,-7.68231,tokyo,2021
AUDUSD,-1,2021-06-23 00:00:00,2021-06-23 10:00:00,0.75512,0.75531,0.75704,0.75128,0.8883,-1.9,-16.88,-16.88,10,time_exit,21.54937,0.00128,1.76146,-5.77635,tokyo,2021
AUDUSD,-1,2021-06-23 10:00:00,2021-06-23 11:00:00,0.75515,0.75688,0.75688,0.7517,0.9863,-17.3,-170.36,-170.36,1,stop_loss,20.09187,0.00115,1.44808,-5.42293,london,2021
AUDUSD,1,2021-06-23 11:00:00,2021-06-23 16:00:00,0.7553,0.75879,0.75355,0.75879,0.9657,34.9,337.3,337.29,5,take_profit,20.42148,0.00116,1.50809,-5.26424,london,2021
AUDUSD,1,2021-06-24 01:00:00,2021-06-24 11:00:00,0.75731,0.75756,0.75562,0.7607,1.0158,2.5,25.39,25.39,10,time_exit,35.8053,0.00113,1.76232,-3.62924,tokyo,2021
AUDUSD,-1,2021-06-24 13:00:00,2021-06-24 16:00:00,0.75757,0.7591,0.7591,0.75452,1.1294,-15.3,-172.28,-172.29,3,stop_loss,27.37163,0.00102,1.39129,-3.00294,london,2021
AUDUSD,1,2021-06-25 01:00:00,2021-06-25 11:00:00,0.75828,0.75975,0.75681,0.76122,1.1611,14.7,170.68,170.68,10,time_exit,23.44159,0.00098,1.39706,-2.21414,tokyo,2021
AUDUSD,1,2021-06-25 18:00:00,2021-06-25 20:00:00,0.76025,0.75879,0.75879,0.76317,1.1801,-14.6,-172.26,-172.26,2,stop_loss,32.67678,0.00097,2.0937,-0.95824,new_york,2021
AUDUSD,-1,2021-06-28 16:00:00,2021-06-29 02:00:00,0.7565,0.75681,0.75816,0.75318,1.0284,-3.1,-31.88,-31.88,10,time_exit,16.57971,0.00111,-1.70347,-0.59168,new_york,2021
AUDUSD,-1,2021-07-01 07:00:00,2021-07-01 10:00:00,0.74913,0.75037,0.75037,0.74665,1.3754,-12.4,-170.22,-170.22,3,stop_loss,28.03614,0.00083,-2.9595,-5.09943,tokyo,2021
AUDUSD,-1,2021-07-02 22:00:00,2021-07-05 08:00:00,0.75298,0.75121,0.75491,0.74911,0.8714,17.7,154.24,154.24,10,time_exit,31.92387,0.00129,3.29353,-3.47269,,2021
AUDUSD,-1,2021-07-06 05:00:00,2021-07-06 06:00:00,0.75511,0.75651,0.75651,0.75232,1.2174,-14.0,-170.07,-170.07,1,stop_loss,26.5141,0.00093,3.56048,-1.42496,tokyo,2021
AUDUSD,-1,2021-07-06 10:00:00,2021-07-06 16:00:00,0.75906,0.75537,0.7609,0.75537,0.9128,36.9,336.74,336.73,6,take_profit,30.99248,0.00123,5.1359,-0.44796,london,2021
AUDUSD,1,2021-07-06 16:00:00,2021-07-06 17:00:00,0.75657,0.7547,0.7547,0.76031,0.9193,-18.7,-171.73,-171.73,1,stop_loss,31.2507,0.00125,2.26123,0.17172,new_york,2021
AUDUSD,1,2021-07-07 11:00:00,2021-07-07 17:00:00,0.75094,0.74914,0.74914,0.75454,0.9448,-18.0,-170.01,-170.01,6,stop_loss,35.34219,0.0012,-0.6176,-1.03859,london,2021
AUDUSD,1,2021-07-07 22:00:00,2021-07-08 04:00:00,0.74862,0.74636,0.74636,0.75314,0.7447,-22.6,-168.32,-168.32,6,stop_loss,25.81997,0.00151,-1.56949,-1.05653,,2021
AUDUSD,1,2021-07-09 09:00:00,2021-07-09 13:00:00,0.7428,0.74638,0.74101,0.74638,0.9307,35.8,333.26,333.26,4,take_profit,34.1827,0.00119,-2.19657,-3.90607,london,2021
AUDUSD,-1,2021-07-09 21:00:00,2021-07-12 07:00:00,0.74856,0.74751,0.75032,0.74504,0.9651,10.5,101.34,101.33,10,time_exit,33.19101,0.00117,2.29669,-3.24499,new_york,2021
AUDUSD,1,2021-07-12 10:00:00,2021-07-12 13:00:00,0.74676,0.7452,0.7452,0.74988,1.0955,-15.6,-170.97,-170.98,3,stop_loss,22.62329,0.00104,0.03233,-2.65193,london,2021
AUDUSD,1,2021-07-13 18:00:00,2021-07-14 00:00:00,0.74644,0.74411,0.74411,0.7511,0.7263,-23.3,-169.27,-169.27,6,stop_loss,20.57512,0.00155,-0.65137,-1.00002,new_york,2021
AUDUSD,1,2021-07-14 17:00:00,2021-07-15 03:00:00,0.74782,0.74734,0.74596,0.75154,0.9016,-4.8,-43.28,-43.28,10,time_exit,22.25239,0.00124,1.17137,-1.56721,new_york,2021
AUDUSD,-1,2021-07-15 14:00:00,2021-07-15 19:00:00,0.74594,0.74241,0.74771,0.74241,0.9458,35.3,334.3,334.3,5,take_profit,12.21339,0.00118,-0.71315,-1.1032,london,2021
AUDUSD,-1,2021-07-16 10:00:00,2021-07-16 17:00:00,0.74332,0.74016,0.7449,0.74016,1.0778,31.6,340.95,340.95,7,take_profit,18.77618,0.00105,-1.27373,-2.35733,london,2021
AUDUSD,1,2021-07-19 15:00:00,2021-07-19 19:00:00,0.73455,0.73266,0.73266,0.73832,0.9223,-18.9,-173.9,-173.9,4,stop_loss,48.3832,0.00126,-4.77708,-3.65971,london,2021
AUDUSD,-1,2021-07-19 20:00:00,2021-07-20 05:00:00,0.73303,0.73523,0.73523,0.72863,0.7818,-22.0,-172.15,-172.15,9,stop_loss,49.46138,0.00147,-4.31939,-3.57109,new_york,2021
AUDUSD,-1,2021-07-21 13:00:00,2021-07-21 16:00:00,0.73132,0.73327,0.73327,0.72743,0.8761,-19.5,-170.43,-170.44,3,stop_loss,27.05062,0.0013,-1.7097,-5.37357,london,2021
AUDUSD,-1,2021-07-22 12:00:00,2021-07-22 16:00:00,0.73743,0.7391,0.7391,0.7341,1.0128,-16.7,-168.73,-168.73,4,stop_loss,22.22181,0.00111,2.52169,-4.30239,london,2021
AUDUSD,-1,2021-07-22 21:00:00,2021-07-23 00:00:00,0.73753,0.73958,0.73958,0.73344,0.8167,-20.5,-167.05,-167.05,3,stop_loss,23.09724,0.00136,1.44647,-2.71768,new_york,2021
AUDUSD,-1,2021-07-26 11:00:00,2021-07-26 12:00:00,0.73445,0.73604,0.73604,0.73126,1.0383,-15.9,-165.37,-165.38,1,stop_loss,27.36905,0.00106,-1.60799,-2.15724,london,2021
AUDUSD,1,2021-07-26 19:00:00,2021-07-27 05:00:00,0.73858,0.73809,0.73666,0.74242,0.8537,-4.9,-41.83,-41.83,10,time_exit,24.4212,0.00128,1.78711,-1.55957,new_york,2021
AUDUSD,-1,2021-07-27 11:00:00,2021-07-27 14:00:00,0.73495,0.73653,0.73653,0.73179,1.0335,-15.8,-163.3,-163.3,3,stop_loss,19.22933,0.00105,-1.89788,-1.20442,london,2021
AUDUSD,-1,2021-07-28 19:00:00,2021-07-28 21:00:00,0.73477,0.73671,0.73671,0.73088,0.832,-19.4,-161.66,-161.66,2,stop_loss,29.87525,0.0013,-0.79567,-1.31076,new_york,2021
AUDUSD,1,2021-07-29 23:00:00,2021-07-30 04:00:00,0.73982,0.73807,0.73807,0.74332,0.9133,-17.5,-160.05,-160.06,5,stop_loss,20.29712,0.00117,1.77002,0.03162,,2021
AUDUSD,1,2021-07-30 12:00:00,2021-07-30 13:00:00,0.73999,0.7383,0.7383,0.74337,0.9374,-16.9,-158.46,-158.46,1,stop_loss,12.96444,0.00113,1.51066,0.36452,london,2021
AUDUSD,-1,2021-07-30 13:00:00,2021-07-30 17:00:00,0.7385,0.73498,0.74026,0.73498,0.8911,35.2,313.73,313.73,4,take_profit,12.8011,0.00117,0.16569,0.3516,london,2021
AUDUSD,1,2021-08-02 09:00:00,2021-08-02 17:00:00,0.73449,0.73781,0.73283,0.73781,0.9625,33.2,320.01,320.01,8,take_profit,22.53986,0.00111,-1.59289,-0.95597,london,2021
AUDUSD,-1,2021-08-04 09:00:00,2021-08-04 10:00:00,0.73963,0.74115,0.74115,0.73659,1.0733,-15.2,-163.2,-163.2,1,stop_loss,13.01998,0.00101,1.27112,0.70325,london,2021
AUDUSD,-1,2021-08-04 17:00:00,2021-08-04 18:00:00,0.74219,0.73876,0.7439,0.73876,0.9428,34.3,323.12,323.12,1,take_profit,15.64095,0.00114,2.56481,1.14223,new_york,2021
AUDUSD,1,2021-08-05 20:00:00,2021-08-06 03:00:00,0.74065,0.73908,0.73908,0.7438,1.0468,-15.7,-164.8,-164.8,7,stop_loss,12.85167,0.00105,1.12202,1.13525,new_york,2021
AUDUSD,-1,2021-08-06 05:00:00,2021-08-06 15:00:00,0.73877,0.74006,0.74006,0.73619,1.2659,-12.9,-163.16,-163.16,10,stop_loss,11.92392,0.00086,-1.01326,1.41187,tokyo,2021
AUDUSD,-1,2021-08-12 14:00:00,2021-08-12 21:00:00,0.73572,0.73323,0.73697,0.73323,1.2961,24.9,323.04,323.03,7,take_profit,21.23293,0.00083,-0.09471,-0.708,london,2021
AUDUSD,-1,2021-08-13 00:00:00,2021-08-13 02:00:00,0.73297,0.73419,0.73419,0.73053,1.3493,-12.2,-164.75,-164.75,2,stop_loss,25.82981,0.00081,-1.95351,-1.12121,tokyo,2021
AUDUSD,-1,2021-08-13 21:00:00,2021-08-16 06:00:00,0.73731,0.73485,0.73854,0.73485,1.3248,24.6,326.21,326.21,9,take_profit,30.14189,0.00082,2.61371,-0.93859,new_york,2021
AUDUSD,-1,2021-08-18 00:00:00,2021-08-18 05:00:00,0.72496,0.72653,0.72653,0.72182,1.0588,-15.7,-166.37,-166.37,5,stop_loss,55.23568,0.00105,-4.89195,-3.35173,tokyo,2021
AUDUSD,-1,2021-08-19 02:00:00,2021-08-19 05:00:00,0.72391,0.72057,0.72558,0.72057,0.9866,33.4,329.42,329.42,3,take_profit,44.32999,0.00111,-2.57718,-4.69224,tokyo,2021
AUDUSD,1,2021-08-19 20:00:00,2021-08-20 04:00:00,0.71629,0.71408,0.71408,0.72071,0.7595,-22.1,-168.0,-168.01,8,stop_loss,54.13478,0.00147,-4.04042,-5.07988,new_york,2021
AUDUSD,1,2021-08-20 13:00:00,2021-08-20 23:00:00,0.71178,0.71377,0.70979,0.71576,0.8362,19.9,166.4,166.4,10,time_exit,56.28547,0.00133,-4.65309,-6.99504,london,2021
AUDUSD,-1,2021-08-23 22:00:00,2021-08-24 08:00:00,0.72166,0.72325,0.72325,0.71847,1.0535,-15.9,-167.99,-167.99,10,stop_loss,33.68128,0.00106,4.14824,-6.47681,,2021
AUDUSD,1,2021-08-24 12:00:00,2021-08-24 16:00:00,0.72225,0.72538,0.72068,0.72538,1.0612,31.3,332.61,332.61,4,take_profit,34.93677,0.00104,2.88478,-4.40377,london,2021
AUDUSD,1,2021-08-27 11:00:00,2021-08-27 16:00:00,0.72533,0.72399,0.72399,0.72801,1.264,-13.4,-169.63,-169.63,5,stop_loss,27.30256,0.00089,0.75508,0.10969,london,2021
AUDUSD,-1,2021-08-27 22:00:00,2021-08-30 08:00:00,0.73117,0.72958,0.73312,0.72727,0.8603,15.9,136.79,136.79,10,time_exit,27.15252,0.0013,4.04548,0.76611,,2021
AUDUSD,1,2021-08-31 22:00:00,2021-09-01 08:00:00,0.73202,0.73244,0.73046,0.73514,1.084,4.2,45.53,45.53,10,time_exit,20.64008,0.00104,1.74018,2.97661,,2021
AUDUSD,1,2021-09-02 09:00:00,2021-09-02 16:00:00,0.73798,0.74082,0.73656,0.74082,1.1975,28.4,339.51,339.51,7,take_profit,28.27788,0.00095,4.05786,5.01559,london,2021
AUDUSD,1,2021-09-03 19:00:00,2021-09-06 05:00:00,0.74416,0.7436,0.74219,0.74811,0.8776,-5.6,-49.15,-49.15,10,time_exit,56.25384,0.00132,3.30357,5.31931,new_york,2021
AUDUSD,1,2021-09-06 10:00:00,2021-09-06 20:00:00,0.74363,0.74353,0.7421,0.7467,1.1258,-1.0,-11.26,-11.26,10,time_exit,40.28642,0.00102,1.74466,7.2487,london,2021
AUDUSD,-1,2021-09-09 08:00:00,2021-09-09 10:00:00,0.73528,0.73676,0.73676,0.73232,1.1665,-14.8,-172.54,-172.55,2,stop_loss,31.66961,0.00099,-2.94021,1.2765,tokyo,2021
AUDUSD,-1,2021-09-10 02:00:00,2021-09-10 05:00:00,0.73669,0.7382,0.7382,0.73366,1.1286,-15.1,-170.83,-170.83,3,stop_loss,14.14967,0.00101,-1.03627,0.74404,tokyo,2021
AUDUSD,-1,2021-09-10 13:00:00,2021-09-10 18:00:00,0.7395,0.73618,0.74116,0.73618,1.0195,33.2,338.21,338.21,5,take_profit,16.71505,0.00111,1.34826,0.79297,london,2021
AUDUSD,-1,2021-09-10 20:00:00,2021-09-13 06:00:00,0.73725,0.73553,0.73905,0.73366,0.9598,17.2,165.09,165.08,10,time_exit,18.31283,0.0012,-0.7644,0.77304,new_york,2021
AUDUSD,-1,2021-09-13 07:00:00,2021-09-13 16:00:00,0.73554,0.73716,0.73716,0.73229,1.0725,-16.2,-174.14,-174.14,9,stop_loss,16.37829,0.00108,-1.70535,0.24972,tokyo,2021
AUDUSD,1,2021-09-13 22:00:00,2021-09-14 07:00:00,0.73609,0.73439,0.73439,0.73949,1.0149,-17.0,-172.4,-172.4,9,stop_loss,12.34535,0.00113,-0.57819,-0.17132,,2021
AUDUSD,1,2021-09-14 22:00:00,2021-09-15 08:00:00,0.73185,0.73211,0.72977,0.73601,0.8199,2.6,21.32,21.32,10,time_exit,14.2297,0.00139,-2.46845,-0.8348,,2021
AUDUSD,1,2021-09-17 06:00:00,2021-09-17 11:00:00,0.72906,0.73208,0.72755,0.73208,1.1321,30.2,341.79,341.78,5,take_profit,30.18026,0.00101,-2.13265,-3.02426,tokyo,2021
AUDUSD,1,2021-09-20 00:00:00,2021-09-20 04:00:00,0.72627,0.72464,0.72464,0.72953,1.0705,-16.3,-174.31,-174.31,4,stop_loss,26.9103,0.00109,-3.28123,-3.10595,tokyo,2021
AUDUSD,-1,2021-09-20 04:00:00,2021-09-20 05:00:00,0.726,0.72304,0.72748,0.72304,1.1642,29.6,345.12,345.12,1,take_profit,29.92993,0.00099,-3.53986,-3.69029,tokyo,2021
AUDUSD,1,2021-09-22 09:00:00,2021-09-22 19:00:00,0.72498,0.72609,0.72302,0.72889,0.8992,11.1,99.81,99.81,10,time_exit,23.61841,0.0013,-0.21214,-3.40574,london,2021
AUDUSD,-1,2021-09-23 11:00:00,2021-09-23 12:00:00,0.72625,0.72825,0.72825,0.72225,0.8842,-20.0,-177.02,-177.02,1,stop_loss,23.73821,0.00133,1.12903,-2.8093,london,2021
AUDUSD,-1,2021-09-27 23:00:00,2021-09-28 07:00:00,0.72897,0.73071,0.73071,0.72548,1.005,-17.4,-175.24,-175.25,8,stop_loss,16.55437,0.00116,1.45265,-0.75672,,2021
AUDUSD,-1,2021-09-28 22:00:00,2021-09-29 08:00:00,0.72405,0.72503,0.7264,0.71936,0.7395,-9.8,-72.47,-72.47,10,time_exit,27.49669,0.00156,-1.62725,-0.78998,,2021
AUDUSD,1,2021-09-29 15:00:00,2021-09-29 16:00:00,0.72307,0.72106,0.72106,0.72709,0.8588,-20.1,-172.77,-172.77,1,stop_loss,28.2292,0.00134,-1.79134,-1.34765,london,2021
AUDUSD,-1,2021-10-01 12:00:00,2021-10-01 14:00:00,0.72293,0.72505,0.72505,0.71868,0.8052,-21.2,-171.05,-171.05,2,stop_loss,20.2026,0.00142,0.73564,-2.13015,london,2021
AUDUSD,1,2021-10-01 16:00:00,2021-10-04 02:00:00,0.72576,0.72748,0.72352,0.73024,0.7556,17.2,129.96,129.96,10,time_exit,22.2256,0.00149,2.30491,-1.72849,new_york,2021
AUDUSD,-1,2021-10-07 07:00:00,2021-10-07 10:00:00,0.72845,0.73015,0.73015,0.72505,1.0042,-17.0,-170.63,-170.64,3,stop_loss,22.08498,0.00113,1.37228,0.59169,tokyo,2021
AUDUSD,1,2021-10-08 16:00:00,2021-10-08 17:00:00,0.73275,0.73102,0.73102,0.73621,0.9753,-17.3,-168.92,-168.93,1,stop_loss,18.17755,0.00115,2.78674,1.84037,new_york,2021
AUDUSD,-1,2021-10-11 22:00:00,2021-10-12 08:00:00,0.73535,0.73559,0.73707,0.73192,0.975,-2.4,-23.4,-23.4,10,time_exit,38.10104,0.00114,2.66808,3.0224,,2021
AUDUSD,1,2021-10-12 15:00:00,2021-10-12 16:00:00,0.73834,0.73662,0.73662,0.74179,0.969,-17.2,-167.0,-167.0,1,stop_loss,27.08191,0.00115,3.91934,3.47461,london,2021
AUDUSD,1,2021-10-13 19:00:00,2021-10-14 05:00:00,0.73704,0.73795,0.73482,0.74148,0.7454,9.1,67.83,67.83,10,time_exit,15.68646,0.00148,1.58731,2.41219,new_york,2021
AUDUSD,-1,2021-10-15 06:00:00,2021-10-15 10:00:00,0.7422,0.74365,0.74365,0.7393,1.1459,-14.5,-166.01,-166.01,4,stop_loss,27.34702,0.00097,3.08269,5.57972,tokyo,2021
AUDUSD,1,2021-10-15 12:00:00,2021-10-15 22:00:00,0.7418,0.7421,0.74018,0.74503,1.0171,3.0,30.51,30.51,10,time_exit,27.82408,0.00108,1.80408,5.15308,london,2021
AUDUSD,1,2021-10-18 00:00:00,2021-10-18 09:00:00,0.74144,0.73985,0.73985,0.74461,1.0383,-15.9,-164.66,-164.66,9,stop_loss,20.29878,0.00106,1.18398,5.12477,tokyo,2021
AUDUSD,1,2021-10-18 13:00:00,2021-10-18 23:00:00,0.73887,0.7412,0.73713,0.74236,0.9348,23.3,217.81,217.81,10,time_exit,18.72285,0.00116,-1.46419,4.07706,london,2021
AUDUSD,-1,2021-10-20 00:00:00,2021-10-20 04:00:00,0.74697,0.74841,0.74841,0.74409,1.1454,-14.4,-165.18,-165.19,4,stop_loss,36.60504,0.00096,3.15187,6.01219,tokyo,2021
AUDUSD,-1,2021-10-22 00:00:00,2021-10-22 04:00:00,0.74663,0.74848,0.74848,0.74294,0.8856,-18.5,-163.54,-163.54,4,stop_loss,25.23465,0.00123,-1.59596,4.8548,tokyo,2021
AUDUSD,-1,2021-10-22 16:00:00,2021-10-22 18:00:00,0.74963,0.74597,0.75146,0.74597,0.8835,36.6,323.8,323.8,2,take_profit,23.16081,0.00122,0.85012,4.21212,new_york,2021
AUDUSD,-1,2021-10-26 15:00:00,2021-10-27 01:00:00,0.75133,0.75045,0.75299,0.748,0.9933,8.8,87.41,87.41,10,time_exit,13.38809,0.00111,1.81038,3.38977,london,2021
AUDUSD,-1,2021-10-27 07:00:00,2021-10-27 17:00:00,0.75198,0.75068,0.75367,0.74859,0.9801,13.0,127.41,127.41,10,time_exit,16.75247,0.00113,1.58136,3.35477,tokyo,2021
AUDUSD,1,2021-10-29 09:00:00,2021-10-29 15:00:00,0.75439,0.75254,0.75254,0.75809,0.9033,-18.5,-167.28,-167.28,6,stop_loss,14.61552,0.00123,1.47286,3.04997,london,2021
AUDUSD,1,2021-10-29 19:00:00,2021-11-01 05:00:00,0.75087,0.75128,0.74892,0.75476,0.8509,4.1,34.89,34.88,10,time_exit,15.42089,0.0013,-1.33558,2.66895,new_york,2021
AUDUSD,1,2021-11-02 16:00:00,2021-11-02 17:00:00,0.7466,0.74471,0.74471,0.75037,0.8803,-18.9,-165.96,-165.96,1,stop_loss,32.42079,0.00126,-3.11094,0.66486,new_york,2021
AUDUSD,-1,2021-11-03 00:00:00,2021-11-03 10:00:00,0.74285,0.74464,0.74464,0.73928,0.9194,-17.9,-164.31,-164.31,10,stop_loss,47.671,0.00119,-4.65916,-0.5443,tokyo,2021
AUDUSD,1,2021-11-03 12:00:00,2021-11-03 17:00:00,0.74403,0.74256,0.74256,0.74697,1.108,-14.7,-162.66,-162.66,5,stop_loss,44.89009,0.00098,-2.73792,-1.90593,london,2021
AUDUSD,-1,2021-11-04 07:00:00,2021-11-04 14:00:00,0.74528,0.74149,0.74718,0.74149,0.8488,37.9,322.07,322.07,7,take_profit,25.04052,0.00126,-0.2392,-1.78495,tokyo,2021
AUDUSD,1,2021-11-05 07:00:00,2021-11-05 11:00:00,0.73964,0.73785,0.73785,0.74321,0.9193,-17.9,-164.25,-164.25,4,stop_loss,35.08614,0.00119,-2.41755,-3.22852,tokyo,2021
AUDUSD,-1,2021-11-05 12:00:00,2021-11-05 16:00:00,0.73782,0.73952,0.73952,0.73442,0.9562,-17.0,-162.6,-162.61,4,stop_loss,33.85872,0.00113,-3.5384,-3.67131,london,2021
AUDUSD,-1,2021-11-05 17:00:00,2021-11-05 18:00:00,0.73837,0.74025,0.74025,0.73461,0.8555,-18.8,-160.98,-160.98,1,stop_loss,31.93403,0.00125,-2.16547,-3.59515,new_york,2021
AUDUSD,-1,2021-11-08 04:00:00,2021-11-08 07:00:00,0.73878,0.7405,0.7405,0.73533,0.9251,-17.2,-159.37,-159.38,3,stop_loss,19.02727,0.00115,-1.58044,-3.81754,tokyo,2021
AUDUSD,1,2021-11-08 07:00:00,2021-11-08 17:00:00,0.7397,0.74203,0.73811,0.74288,0.9908,23.3,230.86,230.85,10,time_exit,16.33645,0.00106,-0.73207,-4.08285,tokyo,2021
AUDUSD,1,2021-11-09 01:00:00,2021-11-09 02:00:00,0.74212,0.74066,0.74066,0.74504,1.0972,-14.6,-160.09,-160.09,1,stop_loss,19.75822,0.00097,1.11428,-3.32304,tokyo,2021
AUDUSD,1,2021-11-10 00:00:00,2021-11-10 07:00:00,0.73773,0.73605,0.73605,0.74108,0.946,-16.8,-158.49,-158.49,7,stop_loss,27.51463,0.00112,-2.06596,-2.83657,tokyo,2021
AUDUSD,1,2021-11-10 09:00:00,2021-11-10 15:00:00,0.73621,0.73469,0.73469,0.73924,1.0347,-15.2,-156.91,-156.91,6,stop_loss,38.6786,0.00101,-2.91578,-3.61056,london,2021
AUDUSD,1,2021-11-11 13:00:00,2021-11-11 23:00:00,0.7295,0.72907,0.72745,0.7336,0.7576,-4.3,-32.58,-32.58,10,time_exit,36.26875,0.00137,-3.88149,-4.15305,london,2021
AUDUSD,1,2021-11-12 19:00:00,2021-11-15 05:00:00,0.73208,0.73395,0.73053,0.73517,1.0022,18.7,187.41,187.41,10,time_exit,20.41874,0.00103,0.76218,-6.19313,new_york,2021
AUDUSD,-1,2021-11-16 03:00:00,2021-11-16 04:00:00,0.7351,0.73638,0.73638,0.73254,1.2266,-12.8,-156.88,-156.88,1,stop_loss,29.79796,0.00085,1.42168,-3.4983,tokyo,2021
AUDUSD,-1,2021-11-16 23:00:00,2021-11-17 09:00:00,0.72957,0.7294,0.7313,0.72611,0.8966,1.7,15.24,15.24,10,time_exit,29.83875,0.00115,-3.21409,-2.53034,,2021
AUDUSD,-1,2021-11-17 14:00:00,2021-11-18 00:00:00,0.72926,0.72633,0.73115,0.72547,0.8207,29.3,240.47,240.46,10,time_exit,44.10206,0.00126,-1.57299,-3.10567,london,2021
AUDUSD,-1,2021-11-19 20:00:00,2021-11-22 06:00:00,0.72432,0.72528,0.72634,0.72028,0.7814,-9.6,-75.01,-75.02,10,time_exit,26.51046,0.00135,-2.02396,-3.44443,new_york,2021
AUDUSD,-1,2021-11-23 02:00:00,2021-11-23 12:00:00,0.72273,0.72229,0.72423,0.71974,1.0503,4.4,46.21,46.21,10,time_exit,21.90613,0.001,-2.15938,-4.83069,tokyo,2021
AUDUSD,1,2021-11-23 18:00:00,2021-11-24 04:00:00,0.72189,0.72194,0.7201,0.72546,0.8817,0.5,4.41,4.41,10,time_exit,17.94633,0.00119,-1.43554,-4.18424,new_york,2021
AUDUSD,1,2021-11-24 15:00:00,2021-11-24 16:00:00,0.72025,0.71864,0.71864,0.72347,0.9786,-16.1,-157.62,-157.63,1,stop_loss,19.47058,0.00107,-2.08373,-4.46066,london,2021
AUDUSD,-1,2021-11-24 20:00:00,2021-11-25 02:00:00,0.71891,0.72063,0.72063,0.71547,0.907,-17.2,-156.06,-156.06,6,stop_loss,26.23511,0.00115,-2.63908,-4.33594,new_york,2021
AUDUSD,1,2021-12-01 01:00:00,2021-12-01 11:00:00,0.71238,0.71536,0.70975,0.71765,0.5864,29.8,174.75,174.74,10,time_exit,22.1843,0.00176,-0.55024,-3.21552,tokyo,2021
AUDUSD,-1,2021-12-06 09:00:00,2021-12-06 11:00:00,0.70111,0.70292,0.70292,0.69749,0.8633,-18.1,-156.23,-156.23,2,stop_loss,23.85469,0.00121,-3.53206,-6.32059,london,2021
AUDUSD,-1,2021-12-06 11:00:00,2021-12-06 15:00:00,0.70235,0.70411,0.70411,0.69883,0.8794,-17.6,-154.67,-154.67,4,stop_loss,21.96024,0.00117,-2.35759,-6.54379,london,2021
AUDUSD,1,2021-12-06 16:00:00,2021-12-07 02:00:00,0.70448,0.70437,0.70272,0.708,0.8711,-1.1,-9.58,-9.58,10,time_exit,22.44944,0.00117,-0.26956,-6.41921,new_york,2021
AUDUSD,1,2021-12-08 04:00:00,2021-12-08 14:00:00,0.71177,0.71305,0.71021,0.71489,0.9795,12.8,125.38,125.37,10,time_exit,42.18558,0.00104,3.30896,-2.76499,tokyo,2021
AUDUSD,-1,2021-12-14 01:00:00,2021-12-14 04:00:00,0.71312,0.70988,0.71474,0.70988,0.9514,32.4,308.56,308.56,3,take_profit,28.00573,0.00108,-1.30734,0.88511,tokyo,2021
AUDUSD,1,2021-12-14 10:00:00,2021-12-14 18:00:00,0.71206,0.71035,0.71035,0.71548,0.919,-17.1,-157.37,-157.37,8,stop_loss,34.14311,0.00114,-1.2686,0.12907,london,2021
AUDUSD,1,2021-12-15 02:00:00,2021-12-15 12:00:00,0.71044,0.71244,0.70878,0.71376,0.9398,20.0,187.96,187.96,10,time_exit,24.77886,0.00111,-1.80689,-0.5943,tokyo,2021
AUDUSD,1,2021-12-15 15:00:00,2021-12-15 16:00:00,0.71428,0.71279,0.71279,0.71726,1.0575,-14.9,-157.68,-157.68,1,stop_loss,20.80711,0.00099,1.98836,-0.63279,london,2021
AUDUSD,-1,2021-12-16 06:00:00,2021-12-16 10:00:00,0.71567,0.71804,0.71804,0.71092,0.6574,-23.7,-156.09,-156.09,4,stop_loss,13.94184,0.00158,1.31525,0.22418,tokyo,2021
AUDUSD,-1,2021-12-16 20:00:00,2021-12-17 06:00:00,0.71808,0.71681,0.7203,0.71363,0.695,12.7,88.27,88.26,10,time_exit,16.65545,0.00148,1.45367,1.31913,new_york,2021
AUDUSD,-1,2021-12-17 08:00:00,2021-12-17 18:00:00,0.71706,0.7149,0.71894,0.71329,0.8251,21.6,178.22,178.22,10,time_exit,19.48832,0.00126,0.42661,1.71316,tokyo,2021
AUDUSD,-1,2021-12-17 22:00:00,2021-12-20 07:00:00,0.71348,0.70986,0.71529,0.70986,0.8686,36.2,314.39,314.39,9,take_profit,26.37935,0.00121,-2.07461,1.23243,,2021
AUDUSD,-1,2021-12-20 23:00:00,2021-12-21 09:00:00,0.71093,0.71118,0.71264,0.7075,0.936,-2.5,-23.4,-23.4,10,time_exit,37.64995,0.00114,-1.74453,-0.73641,,2021
AUDUSD,1,2021-12-21 23:00:00,2021-12-22 04:00:00,0.71557,0.71414,0.71414,0.71842,1.1217,-14.3,-160.12,-160.12,5,stop_loss,23.19889,0.00095,2.72444,-0.60385,,2021
AUDUSD,-1,2021-12-22 07:00:00,2021-12-22 11:00:00,0.71326,0.71461,0.71461,0.71057,1.1777,-13.5,-158.51,-158.51,4,stop_loss,20.21123,0.0009,-0.06272,-0.30758,tokyo,2021
AUDUSD,1,2021-12-23 05:00:00,2021-12-23 11:00:00,0.72083,0.72391,0.71929,0.72391,1.0195,30.8,313.86,313.86,6,take_profit,37.51045,0.00103,3.88898,2.14616,tokyo,2021
AUDUSD,-1,2021-12-23 12:00:00,2021-12-23 22:00:00,0.72414,0.72478,0.72567,0.72107,1.043,-6.4,-66.75,-66.75,10,time_exit,35.65309,0.00102,5.85372,2.93897,london,2021
AUDUSD,-1,2021-12-24 03:00:00,2021-12-24 13:00:00,0.72344,0.72358,0.72482,0.72067,1.153,-1.4,-16.14,-16.14,10,time_exit,28.15005,0.00092,2.89364,4.76853,tokyo,2021
AUDUSD,-1,2021-12-27 01:00:00,2021-12-27 02:00:00,0.72265,0.72366,0.72366,0.72063,1.5773,-10.1,-159.23,-159.24,1,stop_loss,16.75183,0.00067,0.08654,6.61655,tokyo,2021
AUDUSD,1,2021-12-29 00:00:00,2021-12-29 10:00:00,0.72273,0.72328,0.72129,0.72561,1.093,5.5,60.12,60.11,10,time_exit,18.95105,0.00096,-0.61802,3.74133,tokyo,2021
AUDUSD,-1,2022-01-06 08:00:00,2022-01-06 18:00:00,0.7174,0.71672,0.71922,0.71376,0.87,6.8,59.16,59.16,10,time_exit,32.75561,0.00121,-4.33817,0.09714,tokyo,2022
AUDUSD,1,2022-01-07 18:00:00,2022-01-10 04:00:00,0.71644,0.7191,0.71437,0.72059,0.7661,26.6,203.78,203.78,10,time_exit,34.54816,0.00138,-0.94827,-2.13846,new_york,2022
AUDUSD,-1,2022-01-13 19:00:00,2022-01-14 05:00:00,0.72995,0.72748,0.73171,0.72642,0.912,24.7,225.26,225.26,10,time_exit,40.26624,0.00118,3.27165,3.36553,new_york,2022
AUDUSD,1,2022-01-14 05:00:00,2022-01-14 14:00:00,0.72753,0.72592,0.72592,0.73074,1.0163,-16.1,-163.13,-163.13,9,stop_loss,28.00427,0.00107,0.74876,3.7586,tokyo,2022
AUDUSD,1,2022-01-17 07:00:00,2022-01-17 17:00:00,0.72064,0.72112,0.71893,0.72406,0.9436,4.8,45.29,45.29,10,time_exit,37.99069,0.00114,-3.22238,1.2371,tokyo,2022
AUDUSD,-1,2022-01-19 10:00:00,2022-01-19 11:00:00,0.71802,0.71968,0.71968,0.71471,0.9779,-16.6,-161.95,-161.95,1,stop_loss,17.63009,0.0011,-1.71497,-1.54844,london,2022
AUDUSD,-1,2022-01-20 18:00:00,2022-01-20 22:00:00,0.72726,0.7234,0.72919,0.7234,0.8309,38.6,320.65,320.65,4,take_profit,31.76189,0.00129,3.75678,0.314,new_york,2022
AUDUSD,1,2022-01-21 02:00:00,2022-01-21 03:00:00,0.72166,0.71965,0.71965,0.72569,0.8117,-20.1,-163.54,-163.54,1,stop_loss,27.86336,0.00134,-0.84078,0.45429,tokyo,2022
AUDUSD,-1,2022-01-21 04:00:00,2022-01-21 14:00:00,0.71994,0.71926,0.72213,0.71556,0.7396,6.8,50.29,50.29,10,time_exit,29.21509,0.00146,-1.74768,0.29348,tokyo,2022
AUDUSD,-1,2022-01-24 03:00:00,2022-01-24 12:00:00,0.71801,0.71419,0.71992,0.71419,0.8495,38.2,324.81,324.81,9,take_profit,18.5448,0.00127,-1.866,-0.85897,tokyo,2022
AUDUSD,-1,2022-01-25 03:00:00,2022-01-25 13:00:00,0.71581,0.7128,0.71812,0.71119,0.717,30.1,215.82,215.81,10,time_exit,27.00829,0.00154,-0.41168,-2.26102,tokyo,2022
AUDUSD,-1,2022-01-25 20:00:00,2022-01-25 21:00:00,0.71452,0.71682,0.71682,0.70992,0.73,-23.0,-167.82,-167.82,1,stop_loss,16.10523,0.00153,-0.45278,-2.4924,new_york,2022
AUDUSD,-1,2022-01-28 07:00:00,2022-01-28 12:00:00,0.70276,0.69872,0.70478,0.69872,0.8229,40.4,332.24,332.24,5,take_profit,45.61106,0.00135,-4.15191,-4.90511,tokyo,2022
AUDUSD,1,2022-01-28 20:00:00,2022-01-31 06:00:00,0.69876,0.70102,0.69613,0.70402,0.6447,22.6,145.7,145.7,10,time_exit,47.01792,0.00175,-3.51579,-4.68863,new_york,2022
AUDUSD,1,2022-01-31 06:00:00,2022-01-31 10:00:00,0.70076,0.70501,0.69863,0.70501,0.804,42.5,341.8,341.8,4,take_profit,33.54282,0.00142,-1.76427,-6.07512,tokyo,2022
AUDUSD,-1,2022-01-31 23:00:00,2022-02-01 09:00:00,0.70695,0.70832,0.70906,0.70273,0.8266,-13.7,-113.24,-113.25,10,time_exit,27.64784,0.00141,1.84991,-4.60833,,2022
AUDUSD,-1,2022-02-02 23:00:00,2022-02-03 09:00:00,0.71394,0.71303,0.71581,0.71019,0.9245,9.1,84.13,84.13,10,time_exit,21.49424,0.00125,2.16623,0.126,,2022
AUDUSD,1,2022-02-03 10:00:00,2022-02-03 12:00:00,0.71304,0.71144,0.71144,0.71625,1.0844,-16.0,-174.03,-174.04,2,stop_loss,14.40715,0.00107,1.26951,0.42585,london,2022
AUDUSD,-1,2022-02-04 04:00:00,2022-02-04 12:00:00,0.71347,0.70964,0.71538,0.70964,0.9006,38.3,344.59,344.59,8,take_profit,22.61821,0.00128,0.68526,0.79755,tokyo,2022
AUDUSD,1,2022-02-08 00:00:00,2022-02-08 07:00:00,0.7125,0.7107,0.7107,0.71611,0.9745,-18.0,-175.74,-175.74,7,stop_loss,29.3744,0.0012,1.76531,-0.39785,tokyo,2022
AUDUSD,1,2022-02-08 07:00:00,2022-02-08 17:00:00,0.71207,0.71266,0.71034,0.71552,1.0078,5.9,59.46,59.46,10,time_exit,35.59185,0.00115,0.8713,-0.01067,tokyo,2022
AUDUSD,-1,2022-02-08 17:00:00,2022-02-08 22:00:00,0.71268,0.71452,0.71452,0.70901,0.951,-18.4,-174.57,-174.57,5,stop_loss,22.98471,0.00122,0.98024,0.23236,new_york,2022
AUDUSD,1,2022-02-08 22:00:00,2022-02-09 08:00:00,0.71355,0.71569,0.71178,0.7171,0.9737,21.4,208.37,208.37,10,time_exit,21.63723,0.00118,1.44725,0.44362,,2022
AUDUSD,-1,2022-02-09 13:00:00,2022-02-09 17:00:00,0.71759,0.71923,0.71923,0.71431,1.068,-16.4,-174.92,-174.92,4,stop_loss,31.92462,0.00109,3.68252,1.54217,london,2022
AUDUSD,-1,2022-02-10 14:00:00,2022-02-10 15:00:00,0.7198,0.71715,0.72113,0.71715,1.3045,26.5,346.34,346.34,1,take_profit,26.62607,0.00088,3.81124,3.57138,london,2022
AUDUSD,-1,2022-02-11 19:00:00,2022-02-11 21:00:00,0.71783,0.71244,0.72053,0.71244,0.6549,53.9,353.26,353.26,2,take_profit,26.00242,0.0018,1.05687,1.09379,new_york,2022
AUDUSD,-1,2022-02-14 13:00:00,2022-02-14 14:00:00,0.71002,0.71254,0.71254,0.70497,0.7139,-25.2,-180.17,-180.17,1,stop_loss,26.28311,0.00168,-2.38421,0.18675,london,2022
AUDUSD,1,2022-02-16 02:00:00,2022-02-16 12:00:00,0.71483,0.71714,0.71267,0.71914,0.8268,23.1,190.99,190.99,10,time_exit,8.17078,0.00144,0.76163,0.09707,tokyo,2022
AUDUSD,-1,2022-02-17 09:00:00,2022-02-17 14:00:00,0.71872,0.72154,0.72154,0.71308,0.6398,-28.2,-180.28,-180.28,5,stop_loss,24.10486,0.00188,1.00993,1.11909,london,2022
AUDUSD,-1,2022-02-17 18:00:00,2022-02-18 04:00:00,0.71989,0.71963,0.72285,0.71398,0.6039,2.6,15.7,15.7,10,time_exit,16.49075,0.00197,1.04065,1.34789,new_york,2022
AUDUSD,1,2022-02-18 18:00:00,2022-02-21 04:00:00,0.71771,0.72053,0.71555,0.72203,0.8265,28.2,233.07,233.07,10,time_exit,12.94374,0.00144,-1.06294,2.08631,new_york,2022
AUDUSD,-1,2022-02-21 15:00:00,2022-02-22 01:00:00,0.72008,0.71841,0.72202,0.71619,0.9312,16.7,155.51,155.51,10,time_exit,16.36842,0.0013,0.4277,2.09228,london,2022
AUDUSD,-1,2022-02-22 16:00:00,2022-02-23 02:00:00,0.72154,0.72269,0.72368,0.71726,0.8527,-11.5,-98.06,-98.06,10,time_exit,13.92479,0.00143,1.05564,1.7166,new_york,2022
AUDUSD,-1,2022-02-24 10:00:00,2022-02-24 17:00:00,0.71778,0.71265,0.72035,0.71265,0.7075,51.3,363.04,363.04,7,take_profit,33.71639,0.00171,-2.43923,1.51042,london,2022
AUDUSD,-1,2022-02-25 04:00:00,2022-02-25 07:00:00,0.71726,0.72037,0.72037,0.71104,0.5954,-31.1,-185.15,-185.15,3,stop_loss,44.10705,0.00207,-0.71076,-0.00774,tokyo,2022
AUDUSD,1,2022-02-25 09:00:00,2022-02-25 19:00:00,0.71993,0.72102,0.7172,0.72538,0.6722,10.9,73.27,73.27,10,time_exit,34.75763,0.00182,0.61398,0.02486,london,2022
AUDUSD,-1,2022-02-28 13:00:00,2022-02-28 17:00:00,0.72204,0.72463,0.72463,0.71685,0.7095,-25.9,-184.06,-184.06,4,stop_loss,20.50734,0.00173,1.39262,0.29677,london,2022
AUDUSD,-1,2022-03-01 00:00:00,2022-03-01 09:00:00,0.72602,0.72832,0.72832,0.72141,0.7905,-23.0,-182.19,-182.19,9,stop_loss,31.43882,0.00154,3.12076,1.17568,tokyo,2022
AUDUSD,1,2022-03-01 14:00:00,2022-03-01 18:00:00,0.72732,0.72535,0.72535,0.73127,0.9136,-19.7,-180.37,-180.38,4,stop_loss,35.21953,0.00132,2.67629,2.40817,london,2022
AUDUSD,-1,2022-03-02 12:00:00,2022-03-02 16:00:00,0.72577,0.7279,0.7279,0.72151,0.8378,-21.3,-178.57,-178.58,4,stop_loss,17.55872,0.00142,0.48447,2.39317,london,2022
AUDUSD,-1,2022-03-03 00:00:00,2022-03-03 08:00:00,0.72952,0.73192,0.73192,0.72472,0.7372,-24.0,-176.78,-176.79,8,stop_loss,18.82102,0.0016,2.12602,2.41553,tokyo,2022
AUDUSD,-1,2022-03-04 07:00:00,2022-03-04 17:00:00,0.73579,0.73486,0.73835,0.73067,0.6831,9.3,63.53,63.53,10,time_exit,18.0823,0.00171,3.19386,3.19884,tokyo,2022
AUDUSD,-1,2022-03-07 04:00:00,2022-03-07 14:00:00,0.74265,0.73923,0.74562,0.7367,0.5905,34.2,201.95,201.95,10,time_exit,20.6875,0.00198,4.31371,3.52845,tokyo,2022
AUDUSD,1,2022-03-07 17:00:00,2022-03-07 18:00:00,0.73502,0.73204,0.73204,0.74099,0.5955,-29.8,-177.67,-177.67,1,stop_loss,26.82305,0.00199,-0.74426,3.92424,new_york,2022
AUDUSD,1,2022-03-08 08:00:00,2022-03-08 18:00:00,0.72835,0.72552,0.72552,0.734,0.6223,-28.3,-175.89,-175.9,10,stop_loss,26.28297,0.00188,-3.23589,2.8041,tokyo,2022
AUDUSD,-1,2022-03-08 19:00:00,2022-03-09 05:00:00,0.7262,0.72722,0.72927,0.72006,0.5676,-10.2,-57.9,-57.9,10,time_exit,37.26999,0.00205,-2.91323,1.5241,new_york,2022
AUDUSD,1,2022-03-09 08:00:00,2022-03-09 11:00:00,0.72755,0.73232,0.72517,0.73232,0.7281,47.7,347.14,347.14,3,take_profit,32.91736,0.00159,-1.69446,0.87645,tokyo,2022
AUDUSD,1,2022-03-10 00:00:00,2022-03-10 03:00:00,0.73168,0.72964,0.72964,0.73577,0.8666,-20.4,-177.04,-177.04,3,stop_loss,26.09206,0.00136,0.878,1.29412,tokyo,2022
AUDUSD,1,2022-03-10 12:00:00,2022-03-10 22:00:00,0.73373,0.73579,0.73159,0.73801,0.8184,20.6,168.59,168.59,10,time_exit,17.09776,0.00143,1.53547,1.3418,london,2022
AUDUSD,1,2022-03-11 08:00:00,2022-03-11 11:00:00,0.73382,0.73192,0.73192,0.73762,0.9312,-19.0,-176.94,-176.95,3,stop_loss,18.73091,0.00127,0.35088,2.20846,tokyo,2022
AUDUSD,1,2022-03-11 15:00:00,2022-03-11 21:00:00,0.73183,0.72958,0.72958,0.73633,0.7789,-22.5,-175.18,-175.18,6,stop_loss,16.33494,0.0015,-0.91067,1.65013,london,2022
AUDUSD,-1,2022-03-16 10:00:00,2022-03-16 14:00:00,0.72313,0.72523,0.72523,0.71893,0.8267,-21.0,-173.43,-173.43,4,stop_loss,20.97247,0.0014,1.03398,-3.47118,london,2022
AUDUSD,-1,2022-03-16 19:00:00,2022-03-16 22:00:00,0.72508,0.72734,0.72734,0.72056,0.7593,-22.6,-171.7,-171.7,3,stop_loss,28.38352,0.00151,1.69672,-2.53559,new_york,2022
AUDUSD,-1,2022-03-18 23:00:00,2022-03-21 09:00:00,0.74113,0.73985,0.74339,0.73661,0.7518,12.8,96.23,96.23,10,time_exit,29.7177,0.00151,3.70162,3.54389,,2022
AUDUSD,1,2022-03-21 16:00:00,2022-03-21 20:00:00,0.7404,0.73833,0.73833,0.74454,0.8256,-20.7,-170.94,-170.94,4,stop_loss,19.12222,0.00138,1.93997,4.32703,new_york,2022
AUDUSD,-1,2022-03-22 13:00:00,2022-03-22 15:00:00,0.74166,0.74396,0.74396,0.73707,0.7368,-23.0,-169.23,-169.23,2,stop_loss,14.63806,0.00153,1.87665,3.62778,london,2022
AUDUSD,-1,2022-03-24 08:00:00,2022-03-24 13:00:00,0.74717,0.74918,0.74918,0.74315,0.8342,-20.1,-167.54,-167.54,5,stop_loss,25.42227,0.00134,0.77405,6.00313,tokyo,2022
AUDUSD,1,2022-03-25 12:00:00,2022-03-25 22:00:00,0.75046,0.75251,0.74828,0.75481,0.7617,20.5,156.15,156.15,10,time_exit,22.88477,0.00145,0.81076,5.6111,london,2022
AUDUSD,-1,2022-03-28 18:00:00,2022-03-28 21:00:00,0.7477,0.75012,0.75012,0.74287,0.6932,-24.2,-167.42,-167.42,3,stop_loss,12.12405,0.00161,-1.81763,4.25783,new_york,2022
AUDUSD,-1,2022-03-29 03:00:00,2022-03-29 09:00:00,0.7497,0.75179,0.75179,0.74552,0.7928,-20.9,-165.75,-165.76,6,stop_loss,13.75399,0.00139,-0.37402,4.28295,tokyo,2022
AUDUSD,-1,2022-03-30 03:00:00,2022-03-30 13:00:00,0.75143,0.75233,0.75386,0.74657,0.6757,-9.0,-60.81,-60.82,10,time_exit,11.65939,0.00162,0.84512,2.87507,tokyo,2022
AUDUSD,1,2022-04-01 14:00:00,2022-04-01 17:00:00,0.75128,0.74927,0.74927,0.75531,0.8116,-20.1,-163.48,-163.48,3,stop_loss,16.83038,0.00134,1.27429,1.5922,london,2022
AUDUSD,-1,2022-04-04 04:00:00,2022-04-04 05:00:00,0.74928,0.75117,0.75117,0.7455,0.8565,-18.9,-161.85,-161.86,1,stop_loss,12.64644,0.00126,-0.22237,1.46866,tokyo,2022
AUDUSD,1,2022-04-05 00:00:00,2022-04-05 07:00:00,0.75408,0.75748,0.75238,0.75748,0.9431,34.0,320.47,320.47,7,take_profit,31.06873,0.00113,2.70343,2.39656,tokyo,2022
AUDUSD,-1,2022-04-06 17:00:00,2022-04-06 21:00:00,0.75583,0.75157,0.75796,0.75157,0.7664,42.6,326.85,326.85,4,take_profit,15.90898,0.00142,-0.79828,3.5356,new_york,2022
AUDUSD,1,2022-04-08 10:00:00,2022-04-08 11:00:00,0.74805,0.74646,0.74646,0.75124,1.0455,-15.9,-166.7,-166.71,1,stop_loss,20.48221,0.00106,-1.95926,-0.72989,london,2022
AUDUSD,-1,2022-04-11 11:00:00,2022-04-11 13:00:00,0.74373,0.74575,0.74575,0.73968,0.8157,-20.2,-165.05,-165.05,2,stop_loss,29.81816,0.00135,-2.24319,-2.0984,london,2022
AUDUSD,1,2022-04-13 06:00:00,2022-04-13 07:00:00,0.74713,0.7451,0.7451,0.75119,0.804,-20.3,-163.39,-163.39,1,stop_loss,17.76197,0.00135,1.49367,-1.92741,tokyo,2022
AUDUSD,1,2022-04-13 20:00:00,2022-04-14 06:00:00,0.74404,0.74589,0.74163,0.74887,0.6699,18.5,123.93,123.93,10,time_exit,20.46571,0.00161,-0.06191,-1.83365,new_york,2022
AUDUSD,1,2022-04-14 18:00:00,2022-04-15 04:00:00,0.74131,0.74021,0.73913,0.74566,0.7493,-11.0,-82.42,-82.43,10,time_exit,16.90819,0.00145,-2.08247,-1.5621,new_york,2022
AUDUSD,-1,2022-04-15 08:00:00,2022-04-15 18:00:00,0.74034,0.7393,0.74187,0.73729,1.063,10.4,110.55,110.55,10,time_exit,35.50414,0.00102,-2.47976,-2.95344,tokyo,2022
AUDUSD,1,2022-04-15 18:00:00,2022-04-18 03:00:00,0.73991,0.73868,0.73868,0.74236,1.3307,-12.3,-163.28,-163.28,9,stop_loss,32.54659,0.00082,-2.59976,-4.04147,new_york,2022
AUDUSD,1,2022-04-18 06:00:00,2022-04-18 07:00:00,0.73727,0.73602,0.73602,0.73978,1.2888,-12.5,-161.64,-161.64,1,stop_loss,29.04321,0.00084,-4.29739,-4.49925,tokyo,2022
AUDUSD,-1,2022-04-19 16:00:00,2022-04-19 17:00:00,0.73598,0.73782,0.73782,0.7323,0.8697,-18.4,-160.03,-160.03,1,stop_loss,19.15747,0.00123,-1.28784,-3.7982,new_york,2022
AUDUSD,1,2022-04-19 17:00:00,2022-04-20 03:00:00,0.7381,0.7397,0.73611,0.74208,0.7959,16.0,127.34,127.34,10,time_exit,18.58062,0.00133,0.39114,-3.46444,new_york,2022
AUDUSD,1,2022-04-22 04:00:00,2022-04-22 06:00:00,0.73581,0.73381,0.73381,0.7398,0.8,-20.0,-159.7,-159.7,2,stop_loss,34.68259,0.00133,-3.50226,-0.98096,tokyo,2022
AUDUSD,-1,2022-04-26 06:00:00,2022-04-26 16:00:00,0.7209,0.71773,0.72369,0.71533,0.5672,31.7,179.8,179.8,10,time_exit,34.65998,0.00186,-0.93895,-6.06835,tokyo,2022
AUDUSD,-1,2022-04-26 21:00:00,2022-04-27 07:00:00,0.71487,0.71761,0.71761,0.70938,0.5825,-27.4,-159.89,-159.89,10,stop_loss,25.73593,0.00183,-3.22106,-6.02962,new_york,2022
AUDUSD,-1,2022-04-27 15:00:00,2022-04-28 01:00:00,0.71366,0.71247,0.71655,0.70787,0.5469,11.9,65.08,65.08,10,time_exit,20.69736,0.00193,-2.18621,-5.77488,london,2022
AUDUSD,1,2022-04-28 17:00:00,2022-04-29 03:00:00,0.70821,0.7125,0.70488,0.71487,0.4772,42.9,204.72,204.72,10,time_exit,27.23315,0.00222,-2.40848,-5.15409,new_york,2022
AUDUSD,-1,2022-04-29 07:00:00,2022-04-29 08:00:00,0.71283,0.7156,0.7156,0.7073,0.5821,-27.7,-161.01,-161.01,1,stop_loss,18.76978,0.00184,0.28038,-5.86008,tokyo,2022
AUDUSD,1,2022-04-29 08:00:00,2022-04-29 17:00:00,0.71445,0.71166,0.71166,0.72004,0.5704,-27.9,-159.4,-159.4,9,stop_loss,18.33502,0.00186,1.11242,-5.70872,tokyo,2022
AUDUSD,-1,2022-04-29 22:00:00,2022-05-02 08:00:00,0.70815,0.70429,0.71142,0.70161,0.4827,38.6,186.32,186.32,10,time_exit,22.59335,0.00218,-2.09868,-4.1532,,2022
AUDUSD,1,2022-05-02 16:00:00,2022-05-03 02:00:00,0.70457,0.70508,0.70193,0.70985,0.6053,5.1,30.87,30.87,10,time_exit,25.01431,0.00176,-2.58538,-5.69321,new_york,2022
AUDUSD,-1,2022-05-04 01:00:00,2022-05-04 11:00:00,0.70968,0.71189,0.71244,0.70416,0.5799,-22.1,-128.16,-128.16,10,time_exit,24.05852,0.00184,0.36351,-3.88964,tokyo,2022
AUDUSD,-1,2022-05-05 03:00:00,2022-05-05 13:00:00,0.72514,0.72149,0.72867,0.71808,0.4494,36.5,164.03,164.03,10,time_exit,39.17942,0.00235,4.77469,-0.88219,tokyo,2022
AUDUSD,-1,2022-05-05 13:00:00,2022-05-05 17:00:00,0.72161,0.71535,0.72474,0.71535,0.5126,62.6,320.64,320.64,4,take_profit,37.03181,0.00209,2.24167,0.13359,london,2022
AUDUSD,-1,2022-05-09 10:00:00,2022-05-09 20:00:00,0.70049,0.69646,0.70361,0.69424,0.5236,40.3,211.01,211.01,10,time_exit,31.07377,0.00208,-3.8445,-2.47236,london,2022
AUDUSD,-1,2022-05-10 06:00:00,2022-05-10 16:00:00,0.69632,0.69695,0.69978,0.6894,0.4785,-6.3,-30.15,-30.15,10,time_exit,33.22018,0.00231,-2.50726,-3.71667,tokyo,2022
AUDUSD,1,2022-05-12 03:00:00,2022-05-12 08:00:00,0.69263,0.68877,0.68877,0.70034,0.4288,-38.6,-165.33,-165.33,5,stop_loss,20.64671,0.00257,-1.68071,-3.25986,tokyo,2022
AUDUSD,-1,2022-05-12 21:00:00,2022-05-13 04:00:00,0.68427,0.68869,0.68869,0.67542,0.3699,-44.2,-163.68,-163.68,7,stop_loss,39.90488,0.00295,-2.73053,-3.45892,new_york,2022
AUDUSD,1,2022-05-13 13:00:00,2022-05-13 23:00:00,0.68695,0.6936,0.68363,0.6936,0.4874,66.5,324.1,324.1,10,take_profit,21.91626,0.00222,-1.38227,-4.62368,london,2022
AUDUSD,1,2022-05-16 02:00:00,2022-05-16 05:00:00,0.69435,0.69149,0.69149,0.70007,0.5775,-28.6,-165.3,-165.3,3,stop_loss,17.3596,0.00191,1.86742,-4.45324,tokyo,2022
AUDUSD,1,2022-05-16 14:00:00,2022-05-17 00:00:00,0.69214,0.69712,0.68901,0.6984,0.5231,49.8,260.5,260.5,10,time_exit,15.97819,0.00209,0.68484,-3.61325,london,2022
AUDUSD,1,2022-05-18 03:00:00,2022-05-18 06:00:00,0.70298,0.70059,0.70059,0.70776,0.6952,-23.9,-166.25,-166.25,3,stop_loss,25.89347,0.00159,2.88526,-0.20494,tokyo,2022
AUDUSD,1,2022-05-18 11:00:00,2022-05-18 17:00:00,0.70097,0.69835,0.69835,0.7062,0.6293,-26.2,-164.59,-164.59,6,stop_loss,19.11287,0.00174,0.95939,0.18782,london,2022
AUDUSD,-1,2022-05-24 00:00:00,2022-05-24 10:00:00,0.71063,0.71023,0.71318,0.70553,0.6395,4.0,25.58,25.58,10,time_exit,28.62944,0.0017,2.06083,2.81689,tokyo,2022
AUDUSD,-1,2022-05-24 12:00:00,2022-05-24 17:00:00,0.70647,0.70903,0.70903,0.70134,0.6366,-25.6,-163.19,-163.19,5,stop_loss,18.37405,0.00171,-0.70885,2.66649,london,2022
AUDUSD,-1,2022-05-26 04:00:00,2022-05-26 14:00:00,0.71057,0.70874,0.71313,0.70544,0.6299,18.3,115.27,115.27,10,time_exit,16.5774,0.00171,1.29385,2.00344,tokyo,2022
AUDUSD,-1,2022-05-26 22:00:00,2022-05-27 04:00:00,0.7092,0.71176,0.71176,0.70409,0.6362,-25.6,-162.71,-162.71,6,stop_loss,16.19191,0.0017,0.48709,1.68622,,2022
AUDUSD,-1,2022-05-27 08:00:00,2022-05-27 16:00:00,0.71428,0.71658,0.71658,0.70967,0.6992,-23.0,-161.08,-161.08,8,stop_loss,24.64353,0.00154,3.18842,2.17759,tokyo,2022
AUDUSD,-1,2022-05-30 18:00:00,2022-05-31 04:00:00,0.71955,0.71797,0.72147,0.71572,0.832,15.8,131.46,131.45,10,time_exit,37.01523,0.00128,3.60754,4.63524,new_york,2022
AUDUSD,-1,2022-05-31 18:00:00,2022-06-01 03:00:00,0.71723,0.7195,0.7195,0.7127,0.7098,-22.7,-160.78,-160.78,9,stop_loss,25.81933,0.00151,0.11381,3.97385,new_york,2022
AUDUSD,-1,2022-06-03 09:00:00,2022-06-03 15:00:00,0.72566,0.72203,0.72748,0.72203,0.8762,36.3,318.36,318.35,6,take_profit,39.47229,0.00121,3.12111,5.20813,london,2022
AUDUSD,1,2022-06-03 21:00:00,2022-06-06 07:00:00,0.72083,0.72008,0.71855,0.72539,0.712,-7.5,-53.4,-53.4,10,time_exit,32.69846,0.00152,-1.08959,3.94325,new_york,2022
AUDUSD,-1,2022-06-06 12:00:00,2022-06-06 21:00:00,0.72307,0.719,0.72511,0.719,0.7949,40.7,323.65,323.64,9,take_profit,30.5948,0.00136,1.01741,3.39286,london,2022
AUDUSD,1,2022-06-08 10:00:00,2022-06-08 11:00:00,0.71999,0.71766,0.71766,0.72465,0.7092,-23.3,-165.07,-165.08,1,stop_loss,22.80733,0.00155,-0.4703,1.58114,london,2022
AUDUSD,1,2022-06-08 16:00:00,2022-06-09 02:00:00,0.72024,0.71862,0.71787,0.72497,0.6905,-16.2,-111.86,-111.86,10,time_exit,18.26006,0.00158,-0.11445,1.32307,new_york,2022
AUDUSD,1,2022-06-09 17:00:00,2022-06-09 18:00:00,0.71474,0.71224,0.71224,0.71974,0.6495,-25.0,-162.3,-162.3,1,stop_loss,18.66876,0.00167,-2.53643,0.36964,new_york,2022
AUDUSD,-1,2022-06-09 23:00:00,2022-06-10 08:00:00,0.70959,0.71207,0.71207,0.70462,0.6468,-24.8,-160.66,-160.66,9,stop_loss,29.89643,0.00166,-4.67335,-0.36998,,2022
AUDUSD,1,2022-06-14 01:00:00,2022-06-14 11:00:00,0.69271,0.69327,0.68953,0.69907,0.4999,5.6,27.99,27.99,10,time_exit,48.22153,0.00212,-4.55116,-4.49173,tokyo,2022
AUDUSD,-1,2022-06-14 15:00:00,2022-06-15 01:00:00,0.68827,0.68835,0.69129,0.68223,0.5278,-0.8,-4.22,-4.22,10,time_exit,29.92857,0.00201,-5.10988,-5.44481,london,2022
AUDUSD,-1,2022-06-15 22:00:00,2022-06-15 23:00:00,0.69781,0.70128,0.70128,0.69086,0.4585,-34.7,-159.31,-159.31,1,stop_loss,23.97764,0.00232,1.71551,-4.65262,,2022
AUDUSD,-1,2022-06-16 14:00:00,2022-06-16 18:00:00,0.69616,0.69953,0.69953,0.68942,0.4678,-33.7,-157.72,-157.72,4,stop_loss,27.43712,0.00225,-0.17592,-3.2731,london,2022
AUDUSD,1,2022-06-16 22:00:00,2022-06-17 03:00:00,0.70607,0.70186,0.70186,0.7145,0.3705,-42.1,-156.12,-156.12,5,stop_loss,24.09826,0.00281,2.99586,-2.12888,,2022
AUDUSD,1,2022-06-17 03:00:00,2022-06-17 09:00:00,0.70401,0.7006,0.7006,0.71083,0.453,-34.1,-154.56,-154.56,6,stop_loss,24.54472,0.00227,2.23658,-2.09371,tokyo,2022
AUDUSD,1,2022-06-20 07:00:00,2022-06-20 17:00:00,0.6955,0.69684,0.69248,0.70154,0.5065,13.4,67.87,67.87,10,time_exit,33.42634,0.00201,-0.67444,-2.52113,tokyo,2022
AUDUSD,-1,2022-06-21 03:00:00,2022-06-21 13:00:00,0.6968,0.69531,0.69893,0.69254,0.7222,14.9,107.61,107.61,10,time_exit,19.66105,0.00142,0.0345,-2.98803,tokyo,2022
AUDUSD,1,2022-06-22 12:00:00,2022-06-22 17:00:00,0.68861,0.69357,0.68613,0.69357,0.624,49.6,309.54,309.54,5,take_profit,25.20393,0.00165,-4.03987,-2.49654,london,2022
AUDUSD,-1,2022-06-23 04:00:00,2022-06-23 14:00:00,0.69136,0.68955,0.69376,0.68657,0.6592,18.1,119.32,119.31,10,time_exit,16.40958,0.0016,-1.53301,-2.83229,tokyo,2022
AUDUSD,-1,2022-06-23 17:00:00,2022-06-23 20:00:00,0.69239,0.6875,0.69483,0.6875,0.6511,48.9,318.13,318.13,3,take_profit,22.04077,0.00163,0.16761,-3.15971,new_york,2022
AUDUSD,1,2022-06-24 01:00:00,2022-06-24 11:00:00,0.68962,0.69056,0.68718,0.69449,0.6661,9.4,62.61,62.61,10,time_exit,15.96792,0.00162,-1.07718,-3.25704,tokyo,2022
AUDUSD,-1,2022-06-28 09:00:00,2022-06-28 10:00:00,0.69267,0.69458,0.69458,0.68885,0.8538,-19.1,-162.87,-162.87,1,stop_loss,9.957,0.00127,0.10061,-1.8501,london,2022
AUDUSD,-1,2022-06-29 09:00:00,2022-06-29 19:00:00,0.6899,0.68722,0.69208,0.68555,0.7408,26.8,198.53,198.53,10,time_exit,16.26722,0.00145,-1.50197,-1.52189,london,2022
AUDUSD,1,2022-06-30 12:00:00,2022-06-30 22:00:00,0.68868,0.69043,0.68627,0.69351,0.6764,17.5,118.37,118.37,10,time_exit,28.03308,0.00161,-0.52657,-2.05867,london,2022
AUDUSD,-1,2022-07-01 11:00:00,2022-07-01 21:00:00,0.67986,0.68273,0.68273,0.67412,0.5731,-28.7,-164.41,-164.42,10,stop_loss,34.93067,0.00191,-4.33782,-1.90021,london,2022
AUDUSD,1,2022-07-04 05:00:00,2022-07-04 12:00:00,0.68113,0.68674,0.67833,0.68674,0.5806,56.1,325.57,325.57,7,take_profit,31.88731,0.00187,-1.64026,-3.05282,tokyo,2022
AUDUSD,1,2022-07-04 23:00:00,2022-07-05 09:00:00,0.6863,0.68585,0.6842,0.6905,0.7897,-4.5,-35.54,-35.54,10,time_exit,20.78542,0.0014,0.97886,-3.01464,,2022
AUDUSD,1,2022-07-06 06:00:00,2022-07-06 08:00:00,0.68111,0.67875,0.67875,0.68583,0.7017,-23.6,-165.68,-165.68,2,stop_loss,30.5376,0.00157,-0.69603,-3.17918,tokyo,2022
AUDUSD,-1,2022-07-06 17:00:00,2022-07-07 03:00:00,0.6799,0.67845,0.68262,0.67446,0.6034,14.5,87.49,87.49,10,time_exit,19.26063,0.00181,-0.8165,-2.75953,new_york,2022
AUDUSD,-1,2022-07-07 05:00:00,2022-07-07 06:00:00,0.67892,0.68146,0.68146,0.67384,0.6496,-25.4,-164.9,-164.91,1,stop_loss,11.7806,0.00169,-0.77928,-3.12172,tokyo,2022
AUDUSD,1,2022-07-08 01:00:00,2022-07-08 07:00:00,0.684,0.6818,0.6818,0.6884,0.7417,-22.0,-163.24,-163.24,6,stop_loss,17.73336,0.00147,1.43826,-2.19896,tokyo,2022
AUDUSD,1,2022-07-12 03:00:00,2022-07-12 04:00:00,0.67404,0.67168,0.67168,0.67876,0.685,-23.6,-161.61,-161.61,1,stop_loss,51.71096,0.00157,-3.18455,-2.60508,tokyo,2022
AUDUSD,-1,2022-07-12 16:00:00,2022-07-12 18:00:00,0.67464,0.67711,0.67711,0.66969,0.6471,-24.7,-160.0,-160.01,2,stop_loss,47.40375,0.00165,-1.16891,-3.23485,new_york,2022
AUDUSD,1,2022-07-13 19:00:00,2022-07-14 01:00:00,0.6783,0.67477,0.67477,0.68536,0.449,-35.3,-158.4,-158.4,6,stop_loss,19.2322,0.00235,0.66241,-1.67347,new_york,2022
AUDUSD,1,2022-07-15 17:00:00,2022-07-18 03:00:00,0.6759,0.68052,0.67279,0.68211,0.5049,46.2,233.26,233.26,10,time_exit,14.1339,0.00207,0.42296,-1.71154,new_york,2022
AUDUSD,-1,2022-07-18 10:00:00,2022-07-18 11:00:00,0.68136,0.68376,0.68376,0.67656,0.663,-24.0,-159.15,-159.15,1,stop_loss,26.4364,0.0016,2.42371,-0.7539,london,2022
AUDUSD,-1,2022-07-18 14:00:00,2022-07-19 00:00:00,0.68348,0.68123,0.68587,0.6787,0.6595,22.5,148.39,148.39,10,time_exit,29.12475,0.00159,3.19877,-0.32426,london,2022
AUDUSD,1,2022-07-19 05:00:00,2022-07-19 08:00:00,0.68163,0.68565,0.67962,0.68565,0.7917,40.2,318.05,318.05,3,take_profit,17.79805,0.00134,1.1667,0.49689,tokyo,2022
AUDUSD,1,2022-07-19 14:00:00,2022-07-20 00:00:00,0.69017,0.68985,0.68785,0.69481,0.6989,-3.2,-22.36,-22.37,10,time_exit,32.69113,0.00155,5.28192,1.32889,london,2022
AUDUSD,-1,2022-07-20 09:00:00,2022-07-20 19:00:00,0.6912,0.6883,0.69314,0.68731,0.8337,29.0,241.77,241.77,10,time_exit,37.83323,0.0013,3.65922,3.65459,london,2022
AUDUSD,1,2022-07-21 10:00:00,2022-07-21 11:00:00,0.68966,0.68753,0.68753,0.69391,0.7729,-21.3,-164.42,-164.42,1,stop_loss,16.14523,0.00142,0.8724,3.48542,london,2022
AUDUSD,1,2022-07-22 02:00:00,2022-07-22 07:00:00,0.69269,0.69027,0.69027,0.69754,0.6715,-24.2,-162.75,-162.76,5,stop_loss,24.49107,0.00162,2.13563,2.97545,tokyo,2022
AUDUSD,1,2022-07-22 23:00:00,2022-07-25 03:00:00,0.69192,0.68928,0.68928,0.69721,0.6094,-26.4,-161.15,-161.15,4,stop_loss,23.22777,0.00176,0.38875,2.99136,,2022
AUDUSD,1,2022-07-25 17:00:00,2022-07-26 03:00:00,0.69595,0.69533,0.69369,0.70048,0.705,-6.2,-43.71,-43.71,10,time_exit,20.40792,0.00151,2.58194,3.30609,new_york,2022
AUDUSD,1,2022-07-26 11:00:00,2022-07-26 12:00:00,0.69645,0.69448,0.69448,0.7004,0.8056,-19.7,-159.09,-159.09,1,stop_loss,19.56698,0.00132,1.83714,4.18951,london,2022
AUDUSD,1,2022-07-26 16:00:00,2022-07-27 02:00:00,0.69358,0.69455,0.69145,0.69783,0.7412,9.7,71.9,71.89,10,time_exit,19.32226,0.00142,-0.32763,3.70383,new_york,2022
AUDUSD,1,2022-07-28 01:00:00,2022-07-28 11:00:00,0.69913,0.70032,0.6964,0.70459,0.5791,11.9,68.91,68.91,10,time_exit,21.36564,0.00182,2.55758,2.27231,tokyo,2022
AUDUSD,-1,2022-07-29 23:00:00,2022-08-01 09:00:00,0.69869,0.70007,0.70167,0.69273,0.5336,-13.8,-73.64,-73.64,10,time_exit,21.08793,0.00199,0.38294,2.26867,,2022
AUDUSD,1,2022-08-01 14:00:00,2022-08-01 16:00:00,0.7041,0.70157,0.70157,0.70916,0.6256,-25.3,-158.18,-158.18,2,stop_loss,20.17036,0.00169,3.07997,2.71633,london,2022
AUDUSD,-1,2022-08-02 01:00:00,2022-08-02 07:00:00,0.70268,0.6981,0.70497,0.6981,0.6837,45.8,313.18,313.17,6,take_profit,16.83435,0.00153,1.54128,3.33669,tokyo,2022
AUDUSD,1,2022-08-02 14:00:00,2022-08-03 00:00:00,0.69237,0.69181,0.68983,0.69745,0.629,-5.6,-35.22,-35.23,10,time_exit,31.83799,0.00169,-3.89429,2.05846,london,2022
AUDUSD,1,2022-08-04 02:00:00,2022-08-04 12:00:00,0.69461,0.69775,0.69251,0.6988,0.7599,31.4,238.61,238.61,10,time_exit,13.97221,0.0014,-0.0236,-0.08854,tokyo,2022
AUDUSD,1,2022-08-04 22:00:00,2022-08-05 00:00:00,0.6981,0.69603,0.69603,0.70224,0.7823,-20.7,-161.75,-161.75,2,stop_loss,15.00454,0.00138,1.79388,0.43616,,2022
AUDUSD,-1,2022-08-05 11:00:00,2022-08-05 15:00:00,0.69648,0.69306,0.69819,0.69306,0.9368,34.2,320.26,320.26,4,take_profit,10.0503,0.00114,0.42818,0.6752,london,2022
AUDUSD,1,2022-08-08 01:00:00,2022-08-08 10:00:00,0.69061,0.69523,0.6883,0.69523,0.7064,46.2,326.69,326.69,9,take_profit,30.05455,0.00154,-2.33177,-0.42481,tokyo,2022
AUDUSD,1,2022-08-08 11:00:00,2022-08-08 21:00:00,0.69694,0.69795,0.69481,0.70121,0.7811,10.1,78.89,78.89,10,time_exit,25.54572,0.00142,2.24161,-0.59227,london,2022
AUDUSD,-1,2022-08-09 13:00:00,2022-08-09 21:00:00,0.69914,0.69564,0.70089,0.69564,0.9578,35.0,334.78,334.78,8,take_profit,22.5998,0.00117,2.1244,1.04866,london,2022
AUDUSD,-1,2022-08-10 02:00:00,2022-08-10 12:00:00,0.69602,0.69765,0.69765,0.69276,1.0465,-16.3,-170.75,-170.75,10,stop_loss,14.17568,0.00109,-0.53154,0.95607,tokyo,2022
AUDUSD,-1,2022-08-10 13:00:00,2022-08-10 15:00:00,0.69737,0.69901,0.69901,0.69409,1.0301,-16.4,-169.03,-169.04,2,stop_loss,13.74504,0.00109,0.81434,0.76075,london,2022
AUDUSD,1,2022-08-11 12:00:00,2022-08-11 22:00:00,0.71065,0.70997,0.70848,0.71498,0.7723,-6.8,-52.52,-52.52,10,time_exit,36.82187,0.00144,5.15117,3.57357,london,2022
AUDUSD,-1,2022-08-12 22:00:00,2022-08-15 08:00:00,0.71275,0.70875,0.71475,0.70875,0.8348,40.0,333.66,333.65,10,take_profit,19.89378,0.00133,2.84604,5.40152,,2022
AUDUSD,1,2022-08-15 11:00:00,2022-08-15 12:00:00,0.70625,0.7042,0.7042,0.71036,0.8287,-20.5,-170.16,-170.17,1,stop_loss,21.14583,0.00137,-2.34157,4.84206,london,2022
AUDUSD,-1,2022-08-15 13:00:00,2022-08-15 23:00:00,0.70341,0.70223,0.70569,0.69885,0.7392,11.8,87.23,87.22,10,time_exit,26.75043,0.00152,-3.68063,4.06943,london,2022
AUDUSD,-1,2022-08-16 03:00:00,2022-08-16 06:00:00,0.70191,0.7038,0.7038,0.69814,0.8973,-18.9,-169.32,-169.32,3,stop_loss,46.99463,0.00126,-3.47893,2.74891,tokyo,2022
AUDUSD,1,2022-08-18 00:00:00,2022-08-18 09:00:00,0.69286,0.69019,0.69019,0.6982,0.6281,-26.7,-167.63,-167.63,9,stop_loss,39.97695,0.00178,-2.9252,-1.35842,tokyo,2022
AUDUSD,1,2022-08-19 07:00:00,2022-08-19 13:00:00,0.69149,0.68925,0.68925,0.69597,0.7405,-22.4,-165.97,-165.97,6,stop_loss,14.72232,0.00149,-1.87589,-3.17828,tokyo,2022
AUDUSD,1,2022-08-22 15:00:00,2022-08-22 16:00:00,0.69094,0.68858,0.68858,0.69565,0.6972,-23.6,-164.29,-164.29,1,stop_loss,15.70715,0.00157,0.16413,-3.59748,london,2022
AUDUSD,-1,2022-08-23 04:00:00,2022-08-23 14:00:00,0.68872,0.6876,0.69073,0.6847,0.8085,11.2,90.55,90.55,10,time_exit,15.75971,0.00134,-0.60631,-4.28973,tokyo,2022
AUDUSD,-1,2022-08-24 12:00:00,2022-08-24 22:00:00,0.69222,0.69111,0.69451,0.68764,0.7149,11.1,79.35,79.35,10,time_exit,13.50549,0.00153,1.06724,-2.26081,london,2022
AUDUSD,-1,2022-08-25 08:00:00,2022-08-25 09:00:00,0.69569,0.69792,0.69792,0.69124,0.7383,-22.3,-164.36,-164.36,1,stop_loss,16.63296,0.00148,3.01882,-1.60547,tokyo,2022
AUDUSD,-1,2022-08-26 23:00:00,2022-08-29 09:00:00,0.6892,0.68562,0.69178,0.68403,0.6299,35.8,225.5,225.5,10,time_exit,26.21713,0.00172,-3.08257,0.10549,,2022
AUDUSD,-1,2022-08-31 04:00:00,2022-08-31 07:00:00,0.68604,0.68844,0.68844,0.68123,0.6859,-24.0,-164.95,-164.96,3,stop_loss,26.63957,0.0016,-1.8744,-1.77668,tokyo,2022
AUDUSD,1,2022-09-02 00:00:00,2022-09-02 10:00:00,0.67839,0.67948,0.67567,0.68382,0.6011,10.9,65.52,65.52,10,time_exit,26.66589,0.00181,-2.42464,-3.02721,tokyo,2022
AUDUSD,1,2022-09-05 02:00:00,2022-09-05 12:00:00,0.67962,0.67942,0.67666,0.68555,0.5535,-2.0,-11.07,-11.07,10,time_exit,20.0671,0.00198,-0.98326,-2.71541,tokyo,2022
AUDUSD,1,2022-09-05 13:00:00,2022-09-05 23:00:00,0.67942,0.67948,0.67684,0.68458,0.635,0.6,3.81,3.81,10,time_exit,12.62622,0.00172,-0.62063,-3.2102,london,2022
AUDUSD,1,2022-09-06 13:00:00,2022-09-06 16:00:00,0.67791,0.67557,0.67557,0.68259,0.6997,-23.4,-163.9,-163.9,3,stop_loss,16.98579,0.00156,-1.43159,-2.93655,london,2022
AUDUSD,-1,2022-09-08 00:00:00,2022-09-08 06:00:00,0.67685,0.67185,0.67935,0.67185,0.6489,50.0,324.49,324.49,6,take_profit,29.97179,0.00167,1.05285,-3.79819,tokyo,2022
AUDUSD,-1,2022-09-09 03:00:00,2022-09-09 04:00:00,0.67644,0.67887,0.67887,0.67158,0.681,-24.3,-165.51,-165.51,1,stop_loss,14.61018,0.00162,1.09348,-3.125,tokyo,2022
AUDUSD,-1,2022-09-09 04:00:00,2022-09-09 05:00:00,0.67846,0.68105,0.68105,0.67328,0.6326,-25.9,-163.84,-163.84,1,stop_loss,16.44847,0.00173,2.10988,-2.83897,tokyo,2022
AUDUSD,-1,2022-09-12 05:00:00,2022-09-12 09:00:00,0.68467,0.6869,0.6869,0.68022,0.7285,-22.3,-162.2,-162.21,4,stop_loss,29.3202,0.00148,2.63498,0.04618,tokyo,2022
AUDUSD,-1,2022-09-13 06:00:00,2022-09-13 10:00:00,0.6868,0.68893,0.68893,0.68254,0.7539,-21.3,-160.58,-160.58,4,stop_loss,21.746,0.00142,1.09944,2.13296,tokyo,2022
AUDUSD,-1,2022-09-14 06:00:00,2022-09-14 16:00:00,0.67315,0.67371,0.6759,0.66765,0.5784,-5.6,-32.39,-32.39,10,time_exit,45.2461,0.00183,-4.3971,-0.28886,tokyo,2022
AUDUSD,-1,2022-09-15 17:00:00,2022-09-16 01:00:00,0.6745,0.66915,0.67718,0.66915,0.5929,53.5,317.32,317.31,8,take_profit,18.41764,0.00178,-0.90777,-1.91446,new_york,2022
AUDUSD,1,2022-09-16 22:00:00,2022-09-19 08:00:00,0.67059,0.66961,0.66805,0.67567,0.6373,-9.8,-62.46,-62.46,10,time_exit,15.20424,0.00169,-0.63258,-3.18508,,2022
AUDUSD,1,2022-09-19 15:00:00,2022-09-19 22:00:00,0.66778,0.67208,0.66563,0.67208,0.7503,43.0,322.4,322.4,7,take_profit,18.03874,0.00143,-2.18379,-3.59038,london,2022
AUDUSD,-1,2022-09-20 00:00:00,2022-09-20 03:00:00,0.67258,0.67468,0.67468,0.66837,0.7818,-21.0,-164.42,-164.42,3,stop_loss,17.3485,0.0014,1.30856,-3.377,tokyo,2022
AUDUSD,-1,2022-09-20 10:00:00,2022-09-20 20:00:00,0.67178,0.66805,0.67391,0.66752,0.7648,37.3,285.27,285.27,10,time_exit,23.7551,0.00142,0.31072,-2.74848,london,2022
AUDUSD,-1,2022-09-21 20:00:00,2022-09-21 21:00:00,0.66514,0.66725,0.66725,0.66093,0.7863,-21.1,-165.64,-165.64,1,stop_loss,30.139,0.0014,-2.54402,-3.21469,new_york,2022
AUDUSD,-1,2022-09-22 09:00:00,2022-09-22 11:00:00,0.66003,0.66284,0.66284,0.6544,0.5829,-28.1,-163.99,-163.99,2,stop_loss,20.85025,0.00188,-3.12019,-3.18739,london,2022
AUDUSD,1,2022-09-23 22:00:00,2022-09-26 08:00:00,0.65139,0.6495,0.64841,0.65735,0.5443,-18.9,-102.87,-102.87,10,time_exit,34.05166,0.00199,-4.81547,-3.73465,,2022
AUDUSD,-1,2022-09-26 12:00:00,2022-09-26 19:00:00,0.65214,0.64499,0.65572,0.64499,0.4509,71.5,322.59,322.59,7,take_profit,46.38714,0.00238,-1.92876,-3.94208,london,2022
AUDUSD,1,2022-09-28 00:00:00,2022-09-28 04:00:00,0.64341,0.64061,0.64061,0.64901,0.5873,-28.0,-164.55,-164.55,4,stop_loss,23.47444,0.00187,-2.93765,-6.09541,tokyo,2022
AUDUSD,1,2022-09-28 20:00:00,2022-09-29 05:00:00,0.65136,0.64718,0.64718,0.65972,0.3899,-41.8,-162.9,-162.9,9,stop_loss,31.7589,0.00279,2.12055,-4.16591,new_york,2022
AUDUSD,-1,2022-09-29 13:00:00,2022-09-29 23:00:00,0.64704,0.64993,0.65031,0.6405,0.4928,-28.9,-142.42,-142.42,10,time_exit,23.99376,0.00218,-0.00423,-4.0148,london,2022
AUDUSD,-1,2022-09-30 13:00:00,2022-09-30 17:00:00,0.64912,0.64275,0.6523,0.64275,0.502,63.7,319.68,319.68,4,take_profit,11.79008,0.00212,0.37268,-2.82598,london,2022
AUDUSD,-1,2022-10-03 07:00:00,2022-10-03 15:00:00,0.64301,0.64608,0.64608,0.63687,0.5309,-30.7,-163.03,-163.03,8,stop_loss,16.92829,0.00205,-1.2475,-3.38333,tokyo,2022
AUDUSD,1,2022-10-03 17:00:00,2022-10-04 03:00:00,0.64724,0.64994,0.64413,0.65346,0.5188,27.0,140.08,140.07,10,time_exit,19.18897,0.00207,0.87153,-3.0658,new_york,2022
AUDUSD,1,2022-10-04 07:00:00,2022-10-04 14:00:00,0.64899,0.64594,0.64594,0.65508,0.5345,-30.5,-162.82,-162.83,7,stop_loss,32.20885,0.00203,0.72253,-2.00254,tokyo,2022
AUDUSD,1,2022-10-05 05:00:00,2022-10-05 14:00:00,0.64952,0.64605,0.64605,0.65647,0.4639,-34.7,-161.19,-161.19,9,stop_loss,15.39285,0.00232,0.38208,-1.09595,tokyo,2022
AUDUSD,1,2022-10-06 21:00:00,2022-10-07 07:00:00,0.64211,0.64034,0.63889,0.64855,0.4958,-17.7,-87.76,-87.76,10,time_exit,22.25073,0.00215,-2.57708,-1.12391,new_york,2022
AUDUSD,1,2022-10-10 19:00:00,2022-10-11 05:00:00,0.62929,0.62646,0.62603,0.63581,0.4865,-28.3,-137.68,-137.68,10,time_exit,50.46486,0.00217,-3.62185,-3.67912,new_york,2022
AUDUSD,-1,2022-10-12 13:00:00,2022-10-12 23:00:00,0.62689,0.62763,0.63009,0.6205,0.4923,-7.4,-36.43,-36.43,10,time_exit,19.46201,0.00213,-1.13951,-4.63777,london,2022
AUDUSD,1,2022-10-13 15:00:00,2022-10-13 16:00:00,0.62892,0.62653,0.62653,0.6337,0.6568,-23.9,-156.96,-156.96,1,stop_loss,12.72067,0.00159,0.4529,-5.20556,london,2022
AUDUSD,-1,2022-10-14 10:00:00,2022-10-14 15:00:00,0.63373,0.62719,0.637,0.62719,0.4751,65.4,310.78,310.78,5,take_profit,17.36277,0.00218,2.06408,-2.78196,london,2022
AUDUSD,1,2022-10-17 03:00:00,2022-10-17 13:00:00,0.62222,0.62487,0.61888,0.6289,0.4748,26.5,125.82,125.82,10,time_exit,19.52734,0.00223,-2.00221,-3.13292,tokyo,2022
AUDUSD,1,2022-10-19 22:00:00,2022-10-20 05:00:00,0.62636,0.62362,0.62362,0.63184,0.5826,-27.4,-159.74,-159.74,7,stop_loss,15.09668,0.00183,-1.47993,-1.25005,,2022
AUDUSD,-1,2022-10-20 09:00:00,2022-10-20 12:00:00,0.62615,0.62881,0.62881,0.62083,0.595,-26.6,-158.16,-158.16,3,stop_loss,17.60964,0.00177,-0.9446,-1.63486,london,2022
AUDUSD,-1,2022-10-20 15:00:00,2022-10-20 17:00:00,0.63122,0.63392,0.63392,0.62582,0.5804,-27.0,-156.57,-156.57,2,stop_loss,18.80336,0.0018,1.7632,-1.43129,london,2022
AUDUSD,-1,2022-10-21 08:00:00,2022-10-21 15:00:00,0.62648,0.6214,0.62902,0.6214,0.6097,50.8,309.98,309.98,7,take_profit,16.34822,0.00169,-1.04693,-1.21951,tokyo,2022
AUDUSD,1,2022-10-24 13:00:00,2022-10-24 23:00:00,0.62932,0.63126,0.62545,0.63706,0.4084,19.4,79.23,79.23,10,time_exit,21.34112,0.00258,-0.78598,0.19945,london,2022
AUDUSD,1,2022-10-25 14:00:00,2022-10-25 16:00:00,0.63109,0.63644,0.62841,0.63644,0.5935,53.5,317.77,317.77,2,take_profit,15.64388,0.00178,-0.26838,0.31556,london,2022
AUDUSD,-1,2022-10-26 11:00:00,2022-10-26 18:00:00,0.64706,0.65024,0.65024,0.64071,0.5101,-31.8,-162.06,-162.07,7,stop_loss,32.71648,0.00212,5.15192,1.70054,london,2022
AUDUSD,-1,2022-10-27 02:00:00,2022-10-27 08:00:00,0.64862,0.6515,0.6515,0.64287,0.5577,-28.8,-160.45,-160.46,6,stop_loss,42.27528,0.00192,3.58172,3.63751,tokyo,2022
AUDUSD,-1,2022-11-01 12:00:00,2022-11-01 15:00:00,0.64291,0.64591,0.64591,0.63691,0.5294,-30.0,-158.84,-158.84,3,stop_loss,19.31605,0.002,0.63822,1.20846,london,2022
AUDUSD,-1,2022-11-02 13:00:00,2022-11-02 21:00:00,0.64277,0.64523,0.64523,0.63786,0.6404,-24.6,-157.26,-157.26,8,stop_loss,14.10753,0.00164,0.88228,1.04331,london,2022
AUDUSD,1,2022-11-04 10:00:00,2022-11-04 15:00:00,0.63454,0.64024,0.63169,0.64024,0.5467,57.0,311.38,311.37,5,take_profit,20.2563,0.0019,0.39601,-1.84372,london,2022
AUDUSD,-1,2022-11-09 21:00:00,2022-11-10 07:00:00,0.64306,0.64189,0.64652,0.63614,0.4586,11.7,53.66,53.65,10,time_exit,10.66387,0.00231,-1.68527,1.86837,new_york,2022
AUDUSD,1,2022-11-10 19:00:00,2022-11-11 05:00:00,0.65897,0.66105,0.65441,0.66809,0.3494,20.8,72.68,72.67,10,time_exit,31.83137,0.00304,4.25561,0.97182,new_york,2022
AUDUSD,-1,2022-11-11 23:00:00,2022-11-14 09:00:00,0.67087,0.66957,0.67452,0.66358,0.4391,13.0,57.08,57.08,10,time_exit,45.152,0.00243,4.7278,4.52557,,2022
AUDUSD,-1,2022-11-16 01:00:00,2022-11-16 11:00:00,0.67575,0.67812,0.67958,0.66809,0.4196,-23.7,-99.45,-99.45,10,time_exit,20.59846,0.00255,1.75772,5.33715,tokyo,2022
AUDUSD,-1,2022-11-17 18:00:00,2022-11-17 20:00:00,0.6651,0.6688,0.6688,0.65769,0.4309,-37.0,-159.64,-159.64,2,stop_loss,29.16318,0.00247,-2.60925,3.56531,new_york,2022
AUDUSD,-1,2022-11-18 02:00:00,2022-11-18 05:00:00,0.66874,0.67178,0.67178,0.66265,0.5194,-30.4,-158.06,-158.06,3,stop_loss,25.46664,0.00203,-0.95273,3.70978,tokyo,2022
AUDUSD,1,2022-11-18 12:00:00,2022-11-18 16:00:00,0.67129,0.66834,0.66834,0.67719,0.5302,-29.5,-156.46,-156.46,4,stop_loss,15.64142,0.00197,0.30807,3.46683,london,2022
AUDUSD,-1,2022-11-21 06:00:00,2022-11-21 16:00:00,0.66568,0.66204,0.66839,0.66026,0.5713,36.4,207.95,207.95,10,time_exit,29.35371,0.00181,-1.85708,2.50725,tokyo,2022
AUDUSD,-1,2022-11-23 03:00:00,2022-11-23 09:00:00,0.66431,0.66629,0.66629,0.66036,0.7944,-19.8,-156.98,-156.98,6,stop_loss,20.45864,0.00132,0.2195,0.11686,tokyo,2022
AUDUSD,1,2022-11-24 14:00:00,2022-11-25 00:00:00,0.67514,0.67605,0.67274,0.67994,0.6478,9.1,58.95,58.95,10,time_exit,48.7371,0.0016,3.15951,2.6106,london,2022
AUDUSD,1,2022-11-25 03:00:00,2022-11-25 11:00:00,0.67538,0.67366,0.67366,0.67882,0.9068,-17.2,-155.99,-155.99,8,stop_loss,38.12203,0.00115,2.39917,4.7454,tokyo,2022
AUDUSD,-1,2022-11-28 08:00:00,2022-11-28 10:00:00,0.66776,0.67021,0.67021,0.66287,0.6313,-24.5,-154.44,-154.44,2,stop_loss,42.88049,0.00163,-3.04434,2.43787,tokyo,2022
AUDUSD,1,2022-11-28 15:00:00,2022-11-28 20:00:00,0.67024,0.66757,0.66757,0.67558,0.5723,-26.7,-152.89,-152.9,5,stop_loss,37.80319,0.00178,-1.01449,1.81207,london,2022
AUDUSD,-1,2022-11-29 06:00:00,2022-11-29 10:00:00,0.67037,0.67298,0.67298,0.66515,0.58,-26.1,-151.37,-151.37,4,stop_loss,33.48918,0.00174,0.36281,0.66556,tokyo,2022
AUDUSD,1,2022-11-29 12:00:00,2022-11-29 18:00:00,0.67183,0.66892,0.66892,0.67765,0.5153,-29.1,-149.84,-149.84,6,stop_loss,29.08042,0.00194,0.90615,0.7007,london,2022
AUDUSD,-1,2022-11-30 03:00:00,2022-11-30 09:00:00,0.66906,0.6717,0.6717,0.66379,0.5626,-26.4,-148.35,-148.35,6,stop_loss,20.20993,0.00176,-0.54931,0.62843,tokyo,2022
AUDUSD,-1,2022-12-02 22:00:00,2022-12-05 04:00:00,0.68095,0.68406,0.68406,0.67473,0.4722,-31.1,-146.87,-146.87,6,stop_loss,20.67029,0.00207,0.84782,2.6435,,2022
AUDUSD,1,2022-12-05 11:00:00,2022-12-05 16:00:00,0.68065,0.67796,0.67796,0.68602,0.5412,-26.9,-145.4,-145.4,5,stop_loss,15.33797,0.00179,0.17919,3.14411,london,2022
AUDUSD,-1,2022-12-05 18:00:00,2022-12-06 04:00:00,0.67477,0.67116,0.67787,0.66857,0.4641,36.1,167.54,167.54,10,time_exit,17.80915,0.00207,-2.5446,2.42425,new_york,2022
AUDUSD,1,2022-12-06 20:00:00,2022-12-07 06:00:00,0.66902,0.66905,0.66605,0.67496,0.4903,0.3,1.47,1.47,10,time_exit,24.27996,0.00198,-2.7279,0.13376,new_york,2022
AUDUSD,-1,2022-12-08 08:00:00,2022-12-08 09:00:00,0.6715,0.67369,0.67369,0.66713,0.6663,-21.9,-145.64,-145.64,1,stop_loss,14.96617,0.00146,-0.14896,-0.9212,tokyo,2022
AUDUSD,1,2022-12-08 12:00:00,2022-12-08 15:00:00,0.6717,0.67597,0.66956,0.67597,0.6747,42.7,288.34,288.34,3,take_profit,13.99939,0.00142,-0.09309,-0.85136,london,2022
AUDUSD,-1,2022-12-09 13:00:00,2022-12-09 14:00:00,0.6771,0.67924,0.67924,0.67281,0.6858,-21.4,-147.07,-147.07,1,stop_loss,24.29137,0.00143,1.35304,0.8716,london,2022
AUDUSD,-1,2022-12-12 13:00:00,2022-12-12 18:00:00,0.67819,0.67365,0.68046,0.67365,0.6407,45.4,291.17,291.16,5,take_profit,14.69115,0.00151,0.75214,1.45857,london,2022
AUDUSD,1,2022-12-13 12:00:00,2022-12-13 15:00:00,0.67656,0.68078,0.67445,0.68078,0.7038,42.2,297.01,297.0,3,take_profit,17.71379,0.00141,0.24907,0.8596,london,2022
AUDUSD,1,2022-12-14 16:00:00,2022-12-14 21:00:00,0.6861,0.68367,0.68367,0.69095,0.6246,-24.3,-151.48,-151.49,5,stop_loss,29.45126,0.00162,2.49064,2.92407,new_york,2022
AUDUSD,-1,2022-12-14 22:00:00,2022-12-15 08:00:00,0.685,0.6827,0.68784,0.67932,0.5276,23.0,121.35,121.35,10,time_exit,28.12085,0.00189,1.05405,2.68674,,2022
AUDUSD,1,2022-12-16 06:00:00,2022-12-16 10:00:00,0.67178,0.66912,0.66912,0.67709,0.5689,-26.6,-151.18,-151.19,4,stop_loss,49.73946,0.00177,-3.10437,-0.14532,tokyo,2022
AUDUSD,-1,2022-12-16 14:00:00,2022-12-19 00:00:00,0.66982,0.66973,0.67242,0.66463,0.5762,0.9,5.19,5.18,10,time_exit,42.36653,0.00173,-3.10024,-0.99988,london,2022
AUDUSD,-1,2022-12-19 01:00:00,2022-12-19 04:00:00,0.66986,0.67232,0.67232,0.66494,0.6081,-24.6,-149.7,-149.7,3,stop_loss,25.15158,0.00164,-2.03365,-1.85912,tokyo,2022
AUDUSD,-1,2022-12-19 09:00:00,2022-12-19 11:00:00,0.67044,0.67277,0.67277,0.66578,0.6367,-23.3,-148.22,-148.22,2,stop_loss,22.05264,0.00155,-1.28199,-2.11411,london,2022
AUDUSD,1,2022-12-20 06:00:00,2022-12-20 07:00:00,0.66692,0.66424,0.66424,0.67227,0.5484,-26.8,-146.73,-146.73,1,stop_loss,14.38882,0.00178,-2.39133,-1.96686,tokyo,2022
AUDUSD,-1,2022-12-20 16:00:00,2022-12-20 17:00:00,0.66511,0.6682,0.6682,0.65893,0.4704,-30.9,-145.26,-145.27,1,stop_loss,14.75919,0.00206,-2.24525,-2.04723,new_york,2022
AUDUSD,-1,2022-12-21 04:00:00,2022-12-21 14:00:00,0.66792,0.66963,0.67066,0.66243,0.5242,-17.1,-89.64,-89.64,10,time_exit,10.7292,0.00183,-0.51961,-2.36304,tokyo,2022
AUDUSD,-1,2022-12-21 19:00:00,2022-12-22 02:00:00,0.66948,0.67218,0.67218,0.66408,0.5296,-27.0,-142.92,-142.93,7,stop_loss,19.68443,0.0018,0.39879,-2.10352,new_york,2022
AUDUSD,1,2022-12-22 10:00:00,2022-12-22 11:00:00,0.67624,0.67412,0.67412,0.68048,0.667,-21.2,-141.49,-141.49,1,stop_loss,41.07355,0.00141,3.85665,-1.275,london,2022
AUDUSD,-1,2022-12-22 23:00:00,2022-12-23 04:00:00,0.66696,0.66934,0.66934,0.6622,0.5891,-23.8,-140.07,-140.07,5,stop_loss,35.55834,0.00159,-2.08588,-1.26909,,2022
AUDUSD,-1,2022-12-27 09:00:00,2022-12-27 19:00:00,0.67708,0.67361,0.67947,0.67229,0.5796,34.7,201.12,201.12,10,time_exit,26.56118,0.0016,3.56534,-0.31808,london,2022
AUDUSD,-1,2022-12-28 10:00:00,2022-12-28 13:00:00,0.67669,0.67864,0.67864,0.67279,0.7217,-19.5,-140.68,-140.68,3,stop_loss,13.92446,0.0013,2.70636,0.57647,london,2022
AUDUSD,-1,2022-12-29 03:00:00,2022-12-29 13:00:00,0.6751,0.67146,0.67705,0.67119,0.713,36.4,259.53,259.53,10,time_exit,14.96172,0.0013,0.48701,1.14449,tokyo,2022
AUDUSD,-1,2022-12-29 13:00:00,2022-12-29 15:00:00,0.67174,0.67361,0.67361,0.668,0.759,-18.7,-141.86,-141.87,2,stop_loss,14.04822,0.00125,-1.94434,0.90389,london,2022
AUDUSD,1,2022-12-30 01:00:00,2022-12-30 11:00:00,0.6769,0.67908,0.67501,0.68067,0.7445,21.8,162.3,162.3,10,time_exit,23.47896,0.00126,1.43576,1.28778,tokyo,2022
AUDUSD,1,2023-01-02 19:00:00,2023-01-02 23:00:00,0.68139,0.67987,0.67987,0.68444,0.9318,-15.2,-142.07,-142.07,4,stop_loss,11.08521,0.00102,2.03574,3.59633,new_york,2023
AUDUSD,-1,2023-01-03 22:00:00,2023-01-04 04:00:00,0.67362,0.67681,0.67681,0.66723,0.4404,-31.9,-140.65,-140.65,6,stop_loss,24.59444,0.00213,-1.61404,0.55612,,2023
AUDUSD,-1,2023-01-04 07:00:00,2023-01-04 09:00:00,0.6805,0.68354,0.68354,0.67442,0.4581,-30.4,-139.23,-139.23,2,stop_loss,21.56251,0.00203,1.92765,0.37581,tokyo,2023
AUDUSD,-1,2023-01-05 21:00:00,2023-01-06 07:00:00,0.67655,0.67556,0.67987,0.6699,0.4148,9.9,41.07,41.06,10,time_exit,25.62448,0.00222,-1.65491,1.0718,new_york,2023
AUDUSD,1,2023-01-09 02:00:00,2023-01-09 12:00:00,0.6896,0.69087,0.68627,0.69626,0.4153,12.7,52.74,52.74,10,time_exit,35.14952,0.00222,4.07038,1.03097,tokyo,2023
AUDUSD,-1,2023-01-10 06:00:00,2023-01-10 16:00:00,0.69032,0.68922,0.69299,0.68498,0.5196,11.0,57.16,57.15,10,time_exit,23.76326,0.00178,1.13068,3.7328,tokyo,2023
AUDUSD,-1,2023-01-12 00:00:00,2023-01-12 02:00:00,0.68953,0.69167,0.69167,0.68525,0.6513,-21.4,-139.37,-139.37,2,stop_loss,8.1347,0.00143,0.704,3.62579,tokyo,2023
AUDUSD,1,2023-01-12 08:00:00,2023-01-12 09:00:00,0.6917,0.68981,0.68981,0.69548,0.7304,-18.9,-137.98,-137.98,1,stop_loss,6.73546,0.00126,1.27309,4.07928,tokyo,2023
AUDUSD,1,2023-01-12 20:00:00,2023-01-13 06:00:00,0.69754,0.69548,0.69342,0.70579,0.3312,-20.6,-68.23,-68.23,10,time_exit,22.16354,0.00275,2.36742,1.89984,new_york,2023
AUDUSD,-1,2023-01-13 08:00:00,2023-01-13 10:00:00,0.69528,0.69812,0.69812,0.68961,0.4794,-28.4,-135.92,-135.92,2,stop_loss,34.60875,0.00189,1.1796,3.19812,tokyo,2023
AUDUSD,1,2023-01-13 14:00:00,2023-01-13 16:00:00,0.69486,0.69174,0.69174,0.70109,0.4317,-31.2,-134.55,-134.55,2,stop_loss,36.25803,0.00208,0.46333,3.04939,london,2023
AUDUSD,-1,2023-01-13 23:00:00,2023-01-16 03:00:00,0.69782,0.70078,0.70078,0.6919,0.4502,-29.6,-133.19,-133.19,4,stop_loss,24.99324,0.00197,1.6682,3.15641,,2023
AUDUSD,-1,2023-01-16 11:00:00,2023-01-16 13:00:00,0.69445,0.69745,0.69745,0.68845,0.4399,-30.0,-131.89,-131.89,2,stop_loss,22.31333,0.002,-0.80941,3.29741,london,2023
AUDUSD,1,2023-01-16 22:00:00,2023-01-17 08:00:00,0.69546,0.69523,0.69337,0.69963,0.6254,-2.3,-14.38,-14.39,10,time_exit,22.08073,0.00139,-0.38362,4.21705,,2023
AUDUSD,1,2023-01-18 10:00:00,2023-01-18 18:00:00,0.70194,0.69942,0.69942,0.70697,0.5181,-25.2,-130.4,-130.4,8,stop_loss,18.60238,0.00168,2.58999,3.08816,london,2023
AUDUSD,-1,2023-01-19 09:00:00,2023-01-19 19:00:00,0.6891,0.68996,0.69192,0.68347,0.4585,-8.6,-39.43,-39.43,10,time_exit,33.09994,0.00188,-3.66019,1.53677,london,2023
AUDUSD,1,2023-01-20 05:00:00,2023-01-20 15:00:00,0.69257,0.69136,0.69011,0.69748,0.5241,-12.1,-63.42,-63.42,10,time_exit,19.28524,0.00164,-0.23772,0.22258,tokyo,2023
AUDUSD,-1,2023-01-23 13:00:00,2023-01-23 16:00:00,0.70112,0.69677,0.70329,0.69677,0.5892,43.5,256.15,256.15,3,take_profit,28.56289,0.00145,3.65603,1.55392,london,2023
AUDUSD,-1,2023-01-24 02:00:00,2023-01-24 12:00:00,0.70288,0.70245,0.70538,0.69788,0.5224,4.3,22.46,22.46,10,time_exit,22.15272,0.00167,2.81551,2.18578,tokyo,2023
AUDUSD,-1,2023-01-24 19:00:00,2023-01-25 02:00:00,0.70408,0.70679,0.70679,0.69865,0.4821,-27.1,-130.86,-130.86,7,stop_loss,15.94782,0.00181,1.93027,2.60785,new_york,2023
AUDUSD,1,2023-01-25 13:00:00,2023-01-25 23:00:00,0.70864,0.71038,0.7062,0.71351,0.5318,17.4,92.53,92.53,10,time_exit,33.00824,0.00162,2.57033,4.06886,london,2023
AUDUSD,-1,2023-01-26 04:00:00,2023-01-26 14:00:00,0.71102,0.71213,0.71322,0.70661,0.5922,-11.1,-65.73,-65.74,10,time_exit,28.48488,0.00147,2.95933,4.95008,tokyo,2023
AUDUSD,-1,2023-01-27 13:00:00,2023-01-27 23:00:00,0.71129,0.71098,0.71348,0.70691,0.5932,3.1,18.39,18.39,10,time_exit,9.59065,0.00146,0.91649,4.94197,london,2023
AUDUSD,-1,2023-01-30 01:00:00,2023-01-30 11:00:00,0.71005,0.70776,0.71219,0.70577,0.6075,22.9,139.12,139.12,10,time_exit,7.70117,0.00143,-0.06909,4.58892,tokyo,2023
AUDUSD,1,2023-01-30 15:00:00,2023-01-30 21:00:00,0.70801,0.70576,0.70576,0.71252,0.5833,-22.5,-131.4,-131.4,6,stop_loss,13.76788,0.0015,-1.06419,3.52889,london,2023
AUDUSD,-1,2023-01-31 18:00:00,2023-02-01 04:00:00,0.70447,0.70396,0.70725,0.69892,0.4686,5.1,23.9,23.9,10,time_exit,38.35191,0.00185,-0.63126,0.74709,new_york,2023
AUDUSD,-1,2023-02-02 00:00:00,2023-02-02 10:00:00,0.7133,0.71417,0.71621,0.70748,0.4477,-8.7,-38.95,-38.95,10,time_exit,27.3803,0.00194,3.3589,1.05487,tokyo,2023
AUDUSD,1,2023-02-07 00:00:00,2023-02-07 05:00:00,0.68796,0.69305,0.68541,0.69305,0.5105,50.9,259.87,259.87,5,take_profit,47.90693,0.0017,-4.08636,-4.08046,tokyo,2023
AUDUSD,-1,2023-02-10 05:00:00,2023-02-10 10:00:00,0.69258,0.69474,0.69474,0.68825,0.6126,-21.6,-132.54,-132.54,5,stop_loss,19.86611,0.00144,-1.75265,-2.16132,tokyo,2023
AUDUSD,-1,2023-02-10 19:00:00,2023-02-13 05:00:00,0.69182,0.69061,0.69434,0.68678,0.5204,12.1,62.97,62.97,10,time_exit,13.39084,0.00168,-1.3905,-2.00545,new_york,2023
AUDUSD,-1,2023-02-14 20:00:00,2023-02-15 06:00:00,0.6974,0.69369,0.70107,0.69005,0.3588,37.1,133.11,133.11,10,time_exit,38.69835,0.00245,0.75628,-0.4009,new_york,2023
AUDUSD,-1,2023-02-15 16:00:00,2023-02-16 02:00:00,0.6884,0.69114,0.69114,0.68292,0.4856,-27.4,-133.16,-133.16,10,stop_loss,39.62963,0.00183,-3.23235,-0.95734,new_york,2023
AUDUSD,1,2023-02-17 22:00:00,2023-02-20 08:00:00,0.68794,0.6899,0.68548,0.69286,0.536,19.6,105.06,105.05,10,time_exit,33.00483,0.00164,0.35796,-3.10896,,2023
AUDUSD,-1,2023-02-21 17:00:00,2023-02-21 18:00:00,0.68621,0.68836,0.68836,0.68191,0.6177,-21.5,-132.89,-132.89,1,stop_loss,25.7301,0.00143,-1.90596,-1.71371,new_york,2023
AUDUSD,1,2023-02-22 16:00:00,2023-02-22 21:00:00,0.68306,0.68076,0.68076,0.68766,0.5721,-23.0,-131.57,-131.57,5,stop_loss,34.478,0.00153,-1.88545,-2.59543,new_york,2023
AUDUSD,-1,2023-02-22 23:00:00,2023-02-23 03:00:00,0.68046,0.68291,0.68291,0.67557,0.5324,-24.5,-130.24,-130.24,4,stop_loss,32.85409,0.00163,-2.68213,-2.76762,,2023
AUDUSD,-1,2023-02-23 08:00:00,2023-02-23 18:00:00,0.68234,0.67867,0.68438,0.67827,0.6336,36.7,232.53,232.53,10,time_exit,24.26015,0.00136,-1.29634,-3.4449,tokyo,2023
AUDUSD,-1,2023-02-24 15:00:00,2023-02-27 01:00:00,0.67506,0.67336,0.67702,0.67114,0.6694,17.0,113.8,113.8,10,time_exit,20.44501,0.00131,-4.74698,-4.03954,london,2023
AUDUSD,1,2023-02-27 14:00:00,2023-02-28 00:00:00,0.67163,0.67355,0.66976,0.67538,0.7071,19.2,135.76,135.76,10,time_exit,34.4259,0.00125,-3.30983,-6.29986,london,2023
AUDUSD,1,2023-03-01 00:00:00,2023-03-01 02:00:00,0.67269,0.67084,0.67084,0.67639,0.7239,-18.5,-133.76,-133.76,2,stop_loss,13.16863,0.00123,-0.93501,-5.39426,tokyo,2023
AUDUSD,-1,2023-03-01 04:00:00,2023-03-01 07:00:00,0.67336,0.67561,0.67561,0.66886,0.5884,-22.5,-132.43,-132.43,3,stop_loss,16.31738,0.0015,-0.26908,-4.3719,tokyo,2023
AUDUSD,1,2023-03-01 16:00:00,2023-03-01 17:00:00,0.67554,0.67314,0.67314,0.68033,0.5472,-24.0,-131.09,-131.09,1,stop_loss,16.06169,0.0016,0.53362,-3.23837,new_york,2023
AUDUSD,-1,2023-03-03 06:00:00,2023-03-03 10:00:00,0.67405,0.67615,0.67615,0.66985,0.6185,-21.0,-129.78,-129.78,4,stop_loss,21.41832,0.0014,0.13656,-2.93681,tokyo,2023
AUDUSD,-1,2023-03-06 18:00:00,2023-03-07 04:00:00,0.67328,0.67434,0.67521,0.66942,0.666,-10.6,-70.6,-70.6,10,time_exit,22.18985,0.00129,-1.00961,-1.9399,new_york,2023
AUDUSD,-1,2023-03-07 15:00:00,2023-03-07 17:00:00,0.66674,0.6624,0.66891,0.6624,0.589,43.4,255.56,255.56,2,take_profit,31.12867,0.00145,-3.90196,-2.47195,london,2023
AUDUSD,1,2023-03-07 18:00:00,2023-03-07 23:00:00,0.66066,0.65811,0.65811,0.66577,0.5103,-25.5,-130.35,-130.35,5,stop_loss,36.80309,0.0017,-6.32232,-2.4536,new_york,2023
AUDUSD,1,2023-03-08 06:00:00,2023-03-08 16:00:00,0.65731,0.66138,0.65516,0.66161,0.5998,40.7,244.12,244.12,10,time_exit,56.57959,0.00143,-6.43697,-4.969,tokyo,2023
AUDUSD,-1,2023-03-10 14:00:00,2023-03-10 15:00:00,0.659,0.66105,0.66105,0.6549,0.6413,-20.5,-131.48,-131.49,1,stop_loss,15.09027,0.00137,-0.89918,-5.44206,london,2023
AUDUSD,1,2023-03-10 16:00:00,2023-03-10 20:00:00,0.66096,0.65854,0.65854,0.66579,0.5386,-24.2,-130.16,-130.16,4,stop_loss,15.65832,0.00161,0.47996,-4.53107,new_york,2023
AUDUSD,-1,2023-03-13 06:00:00,2023-03-13 16:00:00,0.66662,0.66674,0.67023,0.65939,0.3567,-1.2,-4.28,-4.28,10,time_exit,21.05806,0.00241,2.48205,-2.51523,tokyo,2023
AUDUSD,1,2023-03-14 08:00:00,2023-03-14 18:00:00,0.66478,0.66619,0.6621,0.67014,0.4802,14.1,67.71,67.71,10,time_exit,18.90666,0.00179,0.48976,-1.41762,tokyo,2023
AUDUSD,-1,2023-03-15 14:00:00,2023-03-16 00:00:00,0.66395,0.66134,0.66652,0.6588,0.5032,26.1,131.34,131.33,10,time_exit,16.26644,0.00172,-1.47518,-0.16046,london,2023
AUDUSD,1,2023-03-17 11:00:00,2023-03-17 14:00:00,0.67116,0.66885,0.66885,0.67577,0.5674,-23.1,-130.8,-130.8,3,stop_loss,22.90514,0.00154,3.19871,0.04606,london,2023
AUDUSD,-1,2023-03-17 22:00:00,2023-03-20 08:00:00,0.67123,0.66903,0.67361,0.66648,0.545,22.0,119.9,119.9,10,time_exit,20.4632,0.00158,2.36126,0.5794,,2023
AUDUSD,-1,2023-03-21 13:00:00,2023-03-21 23:00:00,0.66831,0.66703,0.67033,0.66427,0.6464,12.8,82.74,82.74,10,time_exit,22.96318,0.00135,-0.82354,1.31185,london,2023
AUDUSD,1,2023-03-23 20:00:00,2023-03-23 21:00:00,0.67161,0.66923,0.66923,0.67636,0.5534,-23.8,-131.52,-131.53,1,stop_loss,35.45215,0.00158,0.7342,1.18737,new_york,2023
AUDUSD,1,2023-03-24 11:00:00,2023-03-24 12:00:00,0.66884,0.66676,0.66676,0.673,0.6264,-20.8,-130.21,-130.22,1,stop_loss,28.38582,0.00139,-0.48853,0.69833,london,2023
AUDUSD,1,2023-03-27 19:00:00,2023-03-28 05:00:00,0.6642,0.66856,0.66202,0.66856,0.5911,43.6,257.82,257.82,10,take_profit,23.72208,0.00145,-1.21371,-1.02871,new_york,2023
AUDUSD,1,2023-03-28 13:00:00,2023-03-28 18:00:00,0.66732,0.67058,0.66569,0.67058,0.806,32.6,262.98,262.97,5,take_profit,25.32788,0.00109,0.75256,-0.77576,london,2023
AUDUSD,1,2023-03-28 21:00:00,2023-03-29 07:00:00,0.67001,0.67019,0.66826,0.67351,0.7668,1.8,13.8,13.8,10,time_exit,30.3086,0.00117,2.43462,-0.20637,new_york,2023
AUDUSD,1,2023-03-29 11:00:00,2023-03-29 21:00:00,0.66728,0.66792,0.66565,0.67054,0.8225,6.4,52.64,52.64,10,time_exit,22.53927,0.00109,-0.92381,0.44944,london,2023
AUDUSD,1,2023-03-30 20:00:00,2023-03-31 06:00:00,0.67063,0.67192,0.66885,0.67419,0.7573,12.9,97.69,97.69,10,time_exit,14.59908,0.00119,1.42187,0.70956,new_york,2023
AUDUSD,1,2023-04-03 06:00:00,2023-04-03 12:00:00,0.66678,0.67121,0.66456,0.67121,0.6125,44.3,271.51,271.51,6,take_profit,24.09316,0.00148,-1.60853,0.38401,tokyo,2023
AUDUSD,-1,2023-04-04 04:00:00,2023-04-04 10:00:00,0.67864,0.67498,0.68047,0.67498,0.7573,36.6,276.94,276.94,6,take_profit,39.27297,0.00122,4.66952,2.5993,tokyo,2023
AUDUSD,1,2023-04-05 09:00:00,2023-04-05 10:00:00,0.67359,0.67154,0.67154,0.67769,0.6893,-20.5,-141.24,-141.25,1,stop_loss,17.73051,0.00137,-0.62762,2.42112,london,2023
AUDUSD,-1,2023-04-06 02:00:00,2023-04-06 12:00:00,0.67247,0.66973,0.67446,0.66849,0.7033,27.4,192.7,192.7,10,time_exit,12.67039,0.00133,-0.32163,1.31353,tokyo,2023
AUDUSD,1,2023-04-06 17:00:00,2023-04-07 03:00:00,0.66562,0.66736,0.66367,0.66953,0.7259,17.4,126.31,126.3,10,time_exit,21.3944,0.0013,-4.39489,0.29419,new_york,2023
AUDUSD,-1,2023-04-07 03:00:00,2023-04-07 08:00:00,0.66743,0.6689,0.6689,0.66449,0.9714,-14.7,-143.01,-143.02,5,stop_loss,28.31995,0.00098,-2.63944,-0.59775,tokyo,2023
AUDUSD,1,2023-04-07 14:00:00,2023-04-07 15:00:00,0.66811,0.66693,0.66693,0.67047,1.2021,-11.8,-141.59,-141.6,1,stop_loss,18.74575,0.00079,-1.56224,-1.27498,london,2023
AUDUSD,-1,2023-04-11 08:00:00,2023-04-11 18:00:00,0.66678,0.66479,0.66834,0.66367,0.9008,19.9,179.26,179.26,10,time_exit,21.02282,0.00104,0.63457,-2.48068,tokyo,2023
AUDUSD,-1,2023-04-12 14:00:00,2023-04-12 15:00:00,0.66712,0.6687,0.6687,0.66396,0.8974,-15.8,-141.97,-141.97,1,stop_loss,12.76319,0.00105,1.0128,-1.85762,london,2023
AUDUSD,-1,2023-04-12 21:00:00,2023-04-13 04:00:00,0.66936,0.67158,0.67158,0.66492,0.6328,-22.2,-140.56,-140.56,7,stop_loss,26.27296,0.00148,1.72417,-0.85442,new_york,2023
AUDUSD,1,2023-04-13 04:00:00,2023-04-13 10:00:00,0.66916,0.67277,0.66736,0.67277,0.771,36.1,278.29,278.29,6,take_profit,32.72745,0.0012,1.41255,-0.59379,tokyo,2023
AUDUSD,1,2023-04-14 20:00:00,2023-04-17 06:00:00,0.66978,0.67078,0.66725,0.67484,0.5609,10.0,56.09,56.09,10,time_exit,37.37367,0.00169,-2.62933,2.09368,new_york,2023
AUDUSD,-1,2023-04-17 13:00:00,2023-04-17 23:00:00,0.67022,0.67015,0.67197,0.66672,0.8131,0.7,5.69,5.69,10,time_exit,30.96401,0.00117,-1.86336,1.49368,london,2023
AUDUSD,-1,2023-04-18 23:00:00,2023-04-19 09:00:00,0.67283,0.67164,0.6744,0.66969,0.9075,11.9,107.99,107.99,10,time_exit,18.75518,0.00105,0.69539,1.11005,,2023
AUDUSD,1,2023-04-20 03:00:00,2023-04-20 13:00:00,0.67052,0.67343,0.66906,0.67343,0.9871,29.1,287.25,287.25,10,take_profit,20.34974,0.00097,-1.34605,0.68814,tokyo,2023
AUDUSD,1,2023-04-20 21:00:00,2023-04-21 04:00:00,0.67512,0.67313,0.67313,0.67911,0.7344,-19.9,-146.5,-146.5,7,stop_loss,24.27068,0.00133,2.00967,0.77323,new_york,2023
AUDUSD,1,2023-04-21 22:00:00,2023-04-24 08:00:00,0.66849,0.6676,0.66653,0.6724,0.741,-8.9,-65.95,-65.95,10,time_exit,32.25828,0.0013,-2.07915,-0.0756,,2023
AUDUSD,-1,2023-04-25 06:00:00,2023-04-25 14:00:00,0.66816,0.6652,0.66964,0.6652,0.9746,29.6,288.72,288.72,8,take_profit,20.40582,0.00099,-1.35191,-1.11536,tokyo,2023
AUDUSD,-1,2023-04-26 21:00:00,2023-04-27 07:00:00,0.6602,0.66162,0.66205,0.6565,0.797,-14.2,-113.17,-113.18,10,time_exit,28.64273,0.00123,-2.79273,-3.59359,new_york,2023
AUDUSD,-1,2023-04-27 08:00:00,2023-04-27 09:00:00,0.66162,0.66311,0.66311,0.65863,0.979,-14.9,-146.13,-146.13,1,stop_loss,19.13396,0.001,-0.94181,-4.74964,tokyo,2023
AUDUSD,1,2023-05-01 07:00:00,2023-05-01 16:00:00,0.66351,0.66671,0.66191,0.66671,0.9039,32.0,289.34,289.34,9,take_profit,12.71342,0.00107,1.84356,-3.33162,tokyo,2023
AUDUSD,1,2023-05-01 20:00:00,2023-05-02 06:00:00,0.6636,0.66293,0.66192,0.66696,0.8785,-6.7,-58.86,-58.86,10,time_exit,19.5543,0.00112,0.86829,-2.10703,new_york,2023
AUDUSD,1,2023-05-02 17:00:00,2023-05-02 18:00:00,0.6681,0.66598,0.66598,0.67234,0.6937,-21.2,-146.96,-146.96,1,stop_loss,31.17464,0.00141,2.24889,-0.20206,new_york,2023
AUDUSD,1,2023-05-05 02:00:00,2023-05-05 08:00:00,0.66991,0.67381,0.66796,0.67381,0.7461,39.0,290.98,290.98,6,take_profit,15.75318,0.0013,1.8463,1.03086,tokyo,2023
AUDUSD,-1,2023-05-05 15:00:00,2023-05-05 17:00:00,0.6723,0.674,0.674,0.6689,0.8718,-17.0,-148.4,-148.4,2,stop_loss,31.81047,0.00113,2.40811,2.32554,london,2023
AUDUSD,-1,2023-05-05 17:00:00,2023-05-05 19:00:00,0.67321,0.67533,0.67533,0.66897,0.6925,-21.2,-146.92,-146.92,2,stop_loss,28.77971,0.00141,2.45588,1.92321,new_york,2023
AUDUSD,1,2023-05-05 20:00:00,2023-05-08 06:00:00,0.67534,0.67693,0.67328,0.67947,0.7047,15.9,112.05,112.05,10,time_exit,25.47565,0.00138,3.64683,2.22231,new_york,2023
AUDUSD,-1,2023-05-08 09:00:00,2023-05-08 13:00:00,0.67744,0.67909,0.67909,0.67413,0.8859,-16.5,-146.57,-146.57,4,stop_loss,17.97882,0.0011,4.47419,3.8349,london,2023
AUDUSD,1,2023-05-09 21:00:00,2023-05-10 07:00:00,0.67619,0.67666,0.67474,0.67908,1.0027,4.7,47.13,47.12,10,time_exit,30.66325,0.00096,0.158,5.14327,new_york,2023
AUDUSD,-1,2023-05-10 10:00:00,2023-05-10 15:00:00,0.67668,0.67779,0.67779,0.67446,1.3139,-11.1,-145.58,-145.58,5,stop_loss_ambiguous,20.53111,0.00074,0.68224,6.06161,london,2023
AUDUSD,1,2023-05-16 18:00:00,2023-05-17 04:00:00,0.66626,0.66562,0.66438,0.67003,0.7653,-6.4,-48.98,-48.98,10,time_exit,20.7031,0.00126,-1.99321,-1.36537,new_york,2023
AUDUSD,-1,2023-05-17 13:00:00,2023-05-17 16:00:00,0.66506,0.6669,0.6669,0.66139,0.7827,-18.4,-143.64,-143.64,3,stop_loss,24.94229,0.00122,-1.47181,-2.23308,london,2023
AUDUSD,1,2023-05-17 17:00:00,2023-05-18 03:00:00,0.66497,0.66562,0.66304,0.66883,0.7375,6.5,47.94,47.94,10,time_exit,20.26026,0.00129,-1.30823,-2.16722,new_york,2023
AUDUSD,1,2023-05-19 07:00:00,2023-05-19 17:00:00,0.66371,0.66568,0.66192,0.66729,0.796,19.7,156.81,156.81,10,time_exit,20.22319,0.00119,-0.25981,-2.99824,tokyo,2023
AUDUSD,-1,2023-05-22 04:00:00,2023-05-22 09:00:00,0.66631,0.66288,0.66803,0.66288,0.8409,34.3,288.5,288.5,5,take_profit,22.43087,0.00114,1.33413,-2.08461,tokyo,2023
AUDUSD,-1,2023-05-26 12:00:00,2023-05-26 14:00:00,0.65224,0.65377,0.65377,0.64918,0.9626,-15.3,-147.13,-147.13,2,stop_loss,26.56404,0.00102,-1.15202,-6.82201,london,2023
AUDUSD,1,2023-05-29 09:00:00,2023-05-29 11:00:00,0.65448,0.65289,0.65289,0.65766,0.9162,-15.9,-145.66,-145.66,2,stop_loss,19.66242,0.00106,1.43847,-5.58873,london,2023
AUDUSD,-1,2023-05-31 03:00:00,2023-05-31 04:00:00,0.65174,0.65325,0.65325,0.64872,0.9552,-15.1,-144.2,-144.2,1,stop_loss,14.99746,0.00101,-0.96509,-4.11017,tokyo,2023
AUDUSD,1,2023-06-02 15:00:00,2023-06-05 00:00:00,0.66186,0.66008,0.66008,0.66543,0.8004,-17.8,-142.76,-142.76,9,stop_loss,35.04895,0.00119,4.78214,0.45631,london,2023
AUDUSD,1,2023-06-05 00:00:00,2023-06-05 10:00:00,0.65962,0.65932,0.6578,0.66327,0.7755,-3.0,-23.26,-23.27,10,time_exit,21.59815,0.00122,2.36533,1.31336,tokyo,2023
AUDUSD,1,2023-06-07 06:00:00,2023-06-07 16:00:00,0.6672,0.67074,0.66543,0.67074,0.7972,35.4,282.2,282.19,10,take_profit,33.15737,0.00118,2.60021,4.10139,tokyo,2023
AUDUSD,-1,2023-06-07 23:00:00,2023-06-08 09:00:00,0.66513,0.66643,0.66729,0.66081,0.6657,-13.0,-86.54,-86.54,10,time_exit,20.04597,0.00144,-0.43451,3.58798,,2023
AUDUSD,1,2023-06-08 21:00:00,2023-06-09 07:00:00,0.67143,0.66966,0.66966,0.67497,0.8091,-17.7,-143.06,-143.07,10,stop_loss,29.55373,0.00118,3.50295,4.43469,new_york,2023
AUDUSD,-1,2023-06-12 08:00:00,2023-06-12 09:00:00,0.67392,0.67527,0.67527,0.67123,1.0529,-13.5,-141.63,-141.63,1,stop_loss,29.95236,0.0009,2.57913,7.16762,tokyo,2023
AUDUSD,1,2023-06-13 09:00:00,2023-06-13 15:00:00,0.67597,0.67892,0.67449,0.67892,0.9499,29.5,280.41,280.41,6,take_profit,16.27851,0.00098,1.97652,6.6745,london,2023
AUDUSD,1,2023-06-14 15:00:00,2023-06-14 17:00:00,0.67908,0.68219,0.67752,0.68219,0.9186,31.1,286.04,286.04,2,take_profit,24.26208,0.00104,2.41091,6.25052,london,2023
AUDUSD,-1,2023-06-14 22:00:00,2023-06-15 08:00:00,0.6807,0.68231,0.683,0.6761,0.6344,-16.1,-102.14,-102.14,10,time_exit,35.46848,0.00153,1.82836,4.55895,,2023
AUDUSD,-1,2023-06-16 00:00:00,2023-06-16 10:00:00,0.68825,0.68762,0.69061,0.68353,0.6139,6.3,38.68,38.67,10,time_exit,25.75878,0.00157,4.34951,4.99825,tokyo,2023
AUDUSD,1,2023-06-20 00:00:00,2023-06-20 04:00:00,0.68434,0.68289,0.68289,0.68725,0.9989,-14.5,-145.25,-145.25,4,stop_loss,16.16434,0.00097,-0.21894,6.98932,tokyo,2023
AUDUSD,-1,2023-06-20 21:00:00,2023-06-21 07:00:00,0.67811,0.67933,0.68003,0.67428,0.7508,-12.2,-91.6,-91.6,10,time_exit,43.94085,0.00128,-3.02047,2.53844,new_york,2023
AUDUSD,1,2023-06-21 15:00:00,2023-06-21 16:00:00,0.67609,0.67434,0.67434,0.67959,0.8161,-17.5,-142.87,-142.87,1,stop_loss,32.78932,0.00117,-3.178,1.04375,london,2023
AUDUSD,1,2023-06-26 19:00:00,2023-06-27 04:00:00,0.66801,0.67113,0.66645,0.67113,0.9078,31.2,282.88,282.88,9,take_profit,35.36896,0.00104,-2.07334,-4.71296,new_york,2023
AUDUSD,-1,2023-06-28 02:00:00,2023-06-28 04:00:00,0.66838,0.66525,0.66995,0.66525,0.9209,31.3,288.54,288.54,2,take_profit,14.47437,0.00104,-1.02772,-3.8608,tokyo,2023
AUDUSD,-1,2023-06-28 08:00:00,2023-06-28 15:00:00,0.66441,0.66043,0.6664,0.66043,0.7392,39.8,294.31,294.31,7,take_profit,27.17772,0.00133,-3.1012,-3.37219,tokyo,2023
AUDUSD,-1,2023-07-03 10:00:00,2023-07-03 16:00:00,0.66502,0.66694,0.66694,0.66119,0.7829,-19.2,-150.09,-150.1,6,stop_loss,20.53456,0.00128,0.49216,-2.74515,london,2023
AUDUSD,-1,2023-07-03 20:00:00,2023-07-04 06:00:00,0.66734,0.66759,0.66932,0.66338,0.7497,-2.5,-18.74,-18.74,10,time_exit,19.60335,0.00132,1.7357,-2.03702,new_york,2023
AUDUSD,-1,2023-07-05 20:00:00,2023-07-06 06:00:00,0.66628,0.66513,0.66792,0.66301,0.9068,11.5,104.28,104.28,10,time_exit,22.12302,0.00109,-1.0399,-0.34984,new_york,2023
AUDUSD,1,2023-07-06 23:00:00,2023-07-07 09:00:00,0.66255,0.66302,0.66045,0.66675,0.712,4.7,33.46,33.46,10,time_exit,27.02639,0.0014,-2.25029,-1.04602,,2023
AUDUSD,-1,2023-07-07 20:00:00,2023-07-10 06:00:00,0.67003,0.66658,0.67245,0.66518,0.6178,34.5,213.14,213.14,10,time_exit,25.84344,0.00162,3.06912,-0.95611,new_york,2023
AUDUSD,-1,2023-07-10 15:00:00,2023-07-10 18:00:00,0.66435,0.66629,0.66629,0.66047,0.7836,-19.4,-151.92,-151.92,3,stop_loss,27.18109,0.00129,-1.16775,-0.60769,london,2023
AUDUSD,1,2023-07-12 03:00:00,2023-07-12 04:00:00,0.6693,0.67244,0.66773,0.67244,0.9573,31.4,300.82,300.81,1,take_profit,16.72283,0.00105,2.05989,0.23961,tokyo,2023
AUDUSD,1,2023-07-12 18:00:00,2023-07-13 04:00:00,0.67925,0.67998,0.6763,0.68516,0.5195,7.3,37.92,37.92,10,time_exit,26.21271,0.00197,5.04297,0.88495,new_york,2023
AUDUSD,-1,2023-07-13 12:00:00,2023-07-13 15:00:00,0.68437,0.68671,0.68671,0.67969,0.6577,-23.4,-153.8,-153.8,3,stop_loss,46.81182,0.00156,5.94726,3.48252,london,2023
AUDUSD,1,2023-07-13 18:00:00,2023-07-13 19:00:00,0.68947,0.68698,0.68698,0.69445,0.612,-24.9,-152.24,-152.24,1,stop_loss,51.3234,0.00166,7.11722,4.20307,new_york,2023
AUDUSD,-1,2023-07-18 04:00:00,2023-07-18 05:00:00,0.68115,0.68266,0.68266,0.67813,0.9983,-15.1,-150.73,-150.73,1,stop_loss,29.84151,0.00101,-1.26915,5.78632,tokyo,2023
AUDUSD,-1,2023-07-18 10:00:00,2023-07-18 20:00:00,0.68254,0.68068,0.6844,0.67882,0.8026,18.6,149.28,149.28,10,time_exit,22.15383,0.00124,0.10061,4.42392,london,2023
AUDUSD,-1,2023-07-19 01:00:00,2023-07-19 09:00:00,0.68104,0.67714,0.68299,0.67714,0.7727,39.0,301.44,301.44,8,take_profit,12.69831,0.0013,-0.60202,3.31496,tokyo,2023
AUDUSD,1,2023-07-19 16:00:00,2023-07-20 02:00:00,0.67693,0.67709,0.67487,0.68106,0.745,1.6,11.92,11.92,10,time_exit,26.48037,0.00138,-2.4151,1.89227,new_york,2023
AUDUSD,-1,2023-07-25 02:00:00,2023-07-25 04:00:00,0.67368,0.67526,0.67526,0.67051,0.9717,-15.8,-153.85,-153.85,2,stop_loss,19.87013,0.00106,-1.14942,-1.72937,tokyo,2023
AUDUSD,1,2023-07-31 01:00:00,2023-07-31 09:00:00,0.66492,0.66967,0.66254,0.66967,0.6411,47.5,304.61,304.61,8,take_profit,31.3521,0.00158,-3.19324,-2.85445,tokyo,2023
AUDUSD,-1,2023-08-02 00:00:00,2023-08-02 09:00:00,0.66137,0.65759,0.66326,0.65759,0.8224,37.8,310.7,310.69,9,take_profit,44.58358,0.00126,-4.01834,-4.15144,tokyo,2023
AUDUSD,1,2023-08-02 16:00:00,2023-08-02 17:00:00,0.6563,0.65413,0.65413,0.66065,0.7289,-21.7,-158.47,-158.47,1,stop_loss,42.64866,0.00145,-4.59687,-4.74047,new_york,2023
AUDUSD,1,2023-08-02 22:00:00,2023-08-03 08:00:00,0.65451,0.65415,0.65233,0.65886,0.7208,-3.6,-25.95,-25.95,10,time_exit,49.756,0.00145,-4.5961,-5.3488,,2023
AUDUSD,-1,2023-08-04 00:00:00,2023-08-04 03:00:00,0.65505,0.65712,0.65712,0.65092,0.7583,-20.7,-156.62,-156.62,3,stop_loss,29.87799,0.00138,-1.01086,-6.53533,tokyo,2023
AUDUSD,1,2023-08-04 11:00:00,2023-08-04 16:00:00,0.6562,0.66049,0.65406,0.66049,0.723,42.9,310.12,310.12,5,take_profit,26.69789,0.00143,-0.22739,-5.60984,london,2023
AUDUSD,1,2023-08-07 05:00:00,2023-08-07 08:00:00,0.65879,0.6566,0.6566,0.66316,0.7235,-21.9,-158.15,-158.15,3,stop_loss,21.91831,0.00146,1.13172,-4.31635,tokyo,2023
AUDUSD,-1,2023-08-10 09:00:00,2023-08-10 10:00:00,0.65444,0.656,0.656,0.65131,1.0016,-15.6,-156.58,-156.58,1,stop_loss,11.38013,0.00104,0.43564,-4.34234,london,2023
AUDUSD,-1,2023-08-10 13:00:00,2023-08-10 15:00:00,0.65588,0.65745,0.65745,0.65275,0.989,-15.7,-155.01,-155.01,2,stop_loss,16.77713,0.00104,1.54843,-4.03003,london,2023
AUDUSD,1,2023-08-11 14:00:00,2023-08-11 16:00:00,0.65228,0.65045,0.65045,0.65594,0.8381,-18.3,-153.46,-153.46,2,stop_loss,15.52364,0.00122,-0.95709,-3.17701,london,2023
AUDUSD,-1,2023-08-11 20:00:00,2023-08-14 06:00:00,0.64909,0.64669,0.65132,0.64463,0.6805,24.0,163.32,163.32,10,time_exit,15.53895,0.00149,-2.50688,-2.75781,new_york,2023
AUDUSD,1,2023-08-14 14:00:00,2023-08-14 15:00:00,0.64978,0.64796,0.64796,0.65343,0.8421,-18.2,-153.55,-153.56,1,stop_loss,20.33167,0.00122,-0.66398,-4.05846,london,2023
AUDUSD,1,2023-08-14 18:00:00,2023-08-15 04:00:00,0.64821,0.64884,0.64595,0.65274,0.6716,6.3,42.31,42.31,10,time_exit,20.30403,0.00151,-1.33533,-3.33742,new_york,2023
AUDUSD,1,2023-08-16 05:00:00,2023-08-16 15:00:00,0.64405,0.64369,0.64197,0.6482,0.734,-3.6,-26.42,-26.43,10,time_exit,31.29461,0.00138,-2.79159,-3.66156,tokyo,2023
AUDUSD,1,2023-08-17 06:00:00,2023-08-17 13:00:00,0.63773,0.64229,0.63545,0.64229,0.667,45.6,304.37,304.36,7,take_profit,33.26247,0.00152,-4.67368,-3.9726,tokyo,2023
AUDUSD,-1,2023-08-18 11:00:00,2023-08-18 21:00:00,0.63996,0.64051,0.64202,0.63585,0.7552,-5.5,-41.54,-41.54,10,time_exit,14.2406,0.00137,-1.56009,-4.57537,london,2023
AUDUSD,-1,2023-08-21 15:00:00,2023-08-22 01:00:00,0.6418,0.64128,0.64367,0.63807,0.829,5.2,43.11,43.11,10,time_exit,10.29825,0.00124,0.64201,-4.35844,london,2023
AUDUSD,-1,2023-08-22 19:00:00,2023-08-23 04:00:00,0.64238,0.64464,0.64464,0.63787,0.688,-22.6,-155.24,-155.25,9,stop_loss,18.97124,0.0015,0.33185,-2.31949,new_york,2023
AUDUSD,1,2023-08-24 19:00:00,2023-08-25 05:00:00,0.64247,0.64156,0.64049,0.64643,0.7761,-9.1,-70.63,-70.63,10,time_exit,26.23295,0.00132,-1.70186,-0.34907,new_york,2023
AUDUSD,1,2023-08-28 10:00:00,2023-08-28 11:00:00,0.64246,0.64066,0.64066,0.64605,0.8521,-18.0,-152.97,-152.97,1,stop_loss,22.28847,0.0012,0.03468,-1.39516,london,2023
AUDUSD,-1,2023-08-30 15:00:00,2023-08-30 16:00:00,0.64678,0.64856,0.64856,0.64322,0.851,-17.8,-151.45,-151.45,1,stop_loss,14.06632,0.00119,1.34981,0.70307,london,2023
AUDUSD,1,2023-08-30 20:00:00,2023-08-31 06:00:00,0.64836,0.64849,0.64602,0.65304,0.6407,1.3,8.33,8.33,10,time_exit,18.02566,0.00156,1.48241,0.9094,new_york,2023
AUDUSD,1,2023-09-01 09:00:00,2023-09-01 15:00:00,0.64704,0.65059,0.64527,0.65059,0.846,35.5,300.05,300.05,6,take_profit,13.59902,0.00118,-0.29395,1.50032,london,2023
AUDUSD,1,2023-09-05 17:00:00,2023-09-06 03:00:00,0.63703,0.63653,0.63503,0.64102,0.7664,-5.0,-38.32,-38.32,10,time_exit,42.70156,0.00133,-4.79157,-1.2474,new_york,2023
AUDUSD,-1,2023-09-08 00:00:00,2023-09-08 04:00:00,0.63737,0.63897,0.63897,0.63417,0.9554,-16.0,-152.64,-152.64,4,stop_loss,11.42863,0.00107,-0.96135,-3.26824,tokyo,2023
AUDUSD,-1,2023-09-11 07:00:00,2023-09-11 08:00:00,0.64174,0.64346,0.64346,0.6383,0.8773,-17.2,-151.11,-151.11,1,stop_loss,23.73703,0.00115,2.37548,-1.97241,tokyo,2023
AUDUSD,1,2023-09-11 09:00:00,2023-09-11 19:00:00,0.6437,0.64352,0.6419,0.6473,0.8318,-1.8,-14.97,-14.97,10,time_exit,28.74676,0.0012,3.64119,-1.62741,london,2023
AUDUSD,-1,2023-09-12 11:00:00,2023-09-12 21:00:00,0.64283,0.6424,0.64433,0.63983,0.9958,4.3,42.82,42.82,10,time_exit,22.02465,0.001,1.07809,0.03367,london,2023
AUDUSD,1,2023-09-13 17:00:00,2023-09-14 03:00:00,0.64216,0.6447,0.6402,0.64609,0.7628,25.4,193.75,193.75,10,time_exit,28.93047,0.00131,0.38994,-0.05614,new_york,2023
AUDUSD,1,2023-09-15 01:00:00,2023-09-15 11:00:00,0.6438,0.64506,0.64187,0.64765,0.7885,12.6,99.35,99.35,10,time_exit,19.6144,0.00128,0.55381,0.65895,tokyo,2023
AUDUSD,-1,2023-09-18 06:00:00,2023-09-18 16:00:00,0.6437,0.64248,0.64538,0.64034,0.9108,12.2,111.12,111.12,10,time_exit,11.17258,0.00112,-0.14538,1.00211,tokyo,2023
AUDUSD,-1,2023-09-20 17:00:00,2023-09-20 19:00:00,0.64975,0.65112,0.65112,0.647,1.1209,-13.7,-153.92,-153.92,2,stop_loss,23.72273,0.00092,4.50902,1.95341,new_york,2023
AUDUSD,-1,2023-09-22 02:00:00,2023-09-22 10:00:00,0.64156,0.64323,0.64323,0.63823,0.9142,-16.7,-152.38,-152.38,8,stop_loss,21.81611,0.00111,-1.47049,-0.3341,tokyo,2023
AUDUSD,-1,2023-09-22 11:00:00,2023-09-22 14:00:00,0.64328,0.6449,0.6449,0.64005,0.9329,-16.2,-150.85,-150.85,3,stop_loss,14.45806,0.00108,0.38336,-0.5276,london,2023
AUDUSD,-1,2023-09-26 13:00:00,2023-09-26 23:00:00,0.64108,0.63968,0.64269,0.63786,0.9262,14.0,129.67,129.67,10,time_exit,34.81736,0.00107,-1.09939,-0.76505,london,2023
AUDUSD,1,2023-09-27 10:00:00,2023-09-27 14:00:00,0.63814,0.63648,0.63648,0.64146,0.9082,-16.6,-150.65,-150.65,4,stop_loss,37.79482,0.00111,-2.35375,-1.57241,london,2023
AUDUSD,-1,2023-09-27 17:00:00,2023-09-27 20:00:00,0.63792,0.6347,0.63953,0.6347,0.9259,32.2,298.27,298.27,3,take_profit,40.63479,0.00107,-1.92215,-2.04161,new_york,2023
AUDUSD,1,2023-09-28 05:00:00,2023-09-28 15:00:00,0.6374,0.63889,0.63554,0.64113,0.8158,14.9,121.55,121.55,10,time_exit,38.42756,0.00124,-0.77021,-2.4908,tokyo,2023
AUDUSD,-1,2023-09-29 06:00:00,2023-09-29 10:00:00,0.64607,0.64801,0.64801,0.6422,0.7919,-19.4,-153.34,-153.34,4,stop_loss,26.55795,0.00129,4.56521,-0.85657,tokyo,2023
AUDUSD,-1,2023-09-29 17:00:00,2023-09-29 20:00:00,0.6474,0.64312,0.64954,0.64312,0.7088,42.8,303.61,303.6,3,take_profit,38.61993,0.00143,3.15036,0.66318,new_york,2023
AUDUSD,-1,2023-09-29 21:00:00,2023-10-02 07:00:00,0.64268,0.64046,0.64491,0.63822,0.6946,22.2,154.2,154.2,10,time_exit,31.24242,0.00149,-0.26872,0.70886,new_york,2023
AUDUSD,-1,2023-10-02 08:00:00,2023-10-02 10:00:00,0.64047,0.64242,0.64242,0.63657,0.8017,-19.5,-156.39,-156.39,2,stop_loss,24.87691,0.0013,-1.86266,0.6171,tokyo,2023
AUDUSD,1,2023-10-02 22:00:00,2023-10-03 05:00:00,0.63652,0.63456,0.63456,0.64044,0.7896,-19.6,-154.81,-154.81,7,stop_loss,30.48177,0.00131,-3.45347,-0.46863,,2023
AUDUSD,-1,2023-10-03 23:00:00,2023-10-04 07:00:00,0.6303,0.63239,0.63239,0.62611,0.7324,-20.9,-153.26,-153.27,8,stop_loss,48.37134,0.0014,-3.54973,-3.10563,,2023
AUDUSD,-1,2023-10-06 12:00:00,2023-10-06 15:00:00,0.63643,0.63316,0.63806,0.63316,0.9286,32.7,303.47,303.47,3,take_profit,10.29428,0.00109,0.96838,-1.71159,london,2023
AUDUSD,1,2023-10-09 05:00:00,2023-10-09 09:00:00,0.63699,0.63444,0.63444,0.6421,0.6058,-25.5,-154.77,-154.77,4,stop_loss,14.76592,0.0017,0.51333,-0.61327,tokyo,2023
AUDUSD,1,2023-10-09 18:00:00,2023-10-10 02:00:00,0.63762,0.64186,0.6355,0.64186,0.7224,42.4,306.46,306.46,8,take_profit,15.72332,0.00141,1.05459,-0.63009,new_york,2023
AUDUSD,1,2023-10-10 05:00:00,2023-10-10 09:00:00,0.64243,0.64061,0.64061,0.64607,0.8594,-18.2,-156.28,-156.28,4,stop_loss,27.57115,0.00121,3.82326,0.3297,tokyo,2023
AUDUSD,-1,2023-10-10 13:00:00,2023-10-10 23:00:00,0.64148,0.64317,0.64348,0.63748,0.7731,-16.9,-130.65,-130.66,10,time_exit,26.63443,0.00133,2.08688,0.75152,london,2023
AUDUSD,1,2023-10-11 17:00:00,2023-10-11 18:00:00,0.64252,0.64061,0.64061,0.64633,0.8044,-19.1,-153.42,-153.42,1,stop_loss,12.86477,0.00127,1.22978,1.76947,new_york,2023
AUDUSD,1,2023-10-12 06:00:00,2023-10-12 15:00:00,0.64136,0.63967,0.63967,0.64475,0.8973,-16.9,-151.89,-151.89,9,stop_loss,22.57928,0.00113,0.22971,1.80841,tokyo,2023
AUDUSD,1,2023-10-13 11:00:00,2023-10-13 12:00:00,0.6326,0.631,0.631,0.63579,0.9421,-16.0,-150.36,-150.36,1,stop_loss,48.34945,0.00106,-3.52248,-1.58574,london,2023
AUDUSD,-1,2023-10-13 21:00:00,2023-10-16 04:00:00,0.62988,0.63171,0.63171,0.62622,0.8124,-18.3,-148.86,-148.86,7,stop_loss,41.20629,0.00122,-3.77955,-2.33949,new_york,2023
AUDUSD,1,2023-10-16 21:00:00,2023-10-17 07:00:00,0.6342,0.6354,0.63266,0.63728,0.9567,12.0,114.8,114.8,10,time_exit,21.21235,0.00103,1.03321,-3.00361,new_york,2023
AUDUSD,1,2023-10-17 22:00:00,2023-10-18 08:00:00,0.63583,0.63844,0.63384,0.6398,0.7482,26.1,195.28,195.28,10,time_exit,26.42574,0.00132,0.99126,-1.10932,,2023
AUDUSD,-1,2023-10-19 03:00:00,2023-10-19 04:00:00,0.63332,0.6302,0.63488,0.6302,0.9646,31.2,300.93,300.93,1,take_profit,20.09598,0.00104,-1.76449,-0.76273,tokyo,2023
AUDUSD,-1,2023-10-19 23:00:00,2023-10-20 09:00:00,0.63336,0.63142,0.6355,0.62907,0.7158,19.4,138.87,138.86,10,time_exit,24.62228,0.00143,0.04613,-1.30266,,2023
AUDUSD,-1,2023-10-23 19:00:00,2023-10-24 05:00:00,0.63358,0.63534,0.63534,0.63005,0.8777,-17.6,-154.88,-154.88,10,stop_loss,16.21026,0.00118,1.55637,-1.79381,new_york,2023
AUDUSD,1,2023-10-25 10:00:00,2023-10-25 11:00:00,0.63704,0.63533,0.63533,0.64046,0.8954,-17.1,-153.31,-153.31,1,stop_loss,23.09605,0.00114,1.49053,0.7436,london,2023
AUDUSD,1,2023-10-26 16:00:00,2023-10-27 02:00:00,0.63219,0.63333,0.63013,0.63631,0.736,11.4,83.9,83.9,10,time_exit,31.43312,0.00137,0.08654,-1.11449,new_york,2023
AUDUSD,1,2023-10-27 16:00:00,2023-10-27 22:00:00,0.63504,0.63325,0.63325,0.63862,0.8537,-17.9,-152.63,-152.64,6,stop_loss,24.45231,0.00119,1.7189,-0.45229,new_york,2023
AUDUSD,-1,2023-10-30 09:00:00,2023-10-30 10:00:00,0.63503,0.63644,0.63644,0.6322,1.0686,-14.1,-151.09,-151.1,1,stop_loss,20.27133,0.00094,1.35651,0.08254,london,2023
AUDUSD,1,2023-10-30 10:00:00,2023-10-30 20:00:00,0.63586,0.63744,0.63444,0.63871,1.0502,15.8,165.93,165.93,10,time_exit,20.9739,0.00095,2.11331,0.14549,london,2023
AUDUSD,1,2023-10-31 03:00:00,2023-10-31 06:00:00,0.63678,0.63547,0.63547,0.6394,1.1552,-13.1,-151.25,-151.25,3,stop_loss,22.89833,0.00087,1.54908,1.37819,tokyo,2023
AUDUSD,1,2023-11-01 23:00:00,2023-11-02 09:00:00,0.63915,0.64264,0.63675,0.64395,0.6242,34.9,217.85,217.84,10,time_exit,33.36076,0.0016,2.53657,0.39648,,2023
AUDUSD,1,2023-11-02 20:00:00,2023-11-03 06:00:00,0.64163,0.64298,0.6395,0.64589,0.7132,13.5,96.28,96.28,10,time_exit,50.87862,0.00142,1.50363,2.44743,new_york,2023
AUDUSD,-1,2023-11-06 01:00:00,2023-11-06 11:00:00,0.6505,0.65069,0.65248,0.64655,0.7731,-1.9,-14.69,-14.69,10,time_exit,46.81798,0.00132,4.40417,4.57908,tokyo,2023
AUDUSD,1,2023-11-07 09:00:00,2023-11-07 16:00:00,0.64283,0.64079,0.64079,0.64692,0.747,-20.4,-152.72,-152.73,7,stop_loss,32.42904,0.00136,-3.4089,4.41176,london,2023
AUDUSD,1,2023-11-07 20:00:00,2023-11-08 06:00:00,0.6418,0.64387,0.63992,0.64556,0.8048,20.7,166.59,166.59,10,time_exit,48.32575,0.00125,-3.00779,3.20391,new_york,2023
AUDUSD,1,2023-11-09 11:00:00,2023-11-09 13:00:00,0.64082,0.6392,0.6392,0.64407,0.941,-16.2,-152.88,-152.88,2,stop_loss,29.59438,0.00108,-1.59436,0.76933,london,2023
AUDUSD,1,2023-11-10 16:00:00,2023-11-10 17:00:00,0.63632,0.63474,0.63474,0.63947,0.96,-15.8,-151.34,-151.34,1,stop_loss,40.89406,0.00105,-2.44864,-1.72883,new_york,2023
AUDUSD,-1,2023-11-14 15:00:00,2023-11-14 16:00:00,0.63704,0.63831,0.63831,0.6345,1.1801,-12.7,-149.83,-149.83,1,stop_loss,16.97198,0.00085,-0.41196,-2.24651,london,2023
AUDUSD,1,2023-11-14 18:00:00,2023-11-15 04:00:00,0.64795,0.65028,0.64567,0.65252,0.6496,23.3,151.36,151.35,10,time_exit,26.10113,0.00152,6.27491,-0.70736,new_york,2023
AUDUSD,-1,2023-11-15 13:00:00,2023-11-15 15:00:00,0.65167,0.65353,0.65353,0.64795,0.8055,-18.6,-149.85,-149.85,2,stop_loss,34.86427,0.00124,5.56456,2.73681,london,2023
AUDUSD,-1,2023-11-16 12:00:00,2023-11-16 22:00:00,0.64966,0.64658,0.65173,0.64551,0.7153,30.8,220.31,220.31,10,time_exit,21.08628,0.00138,1.45691,3.29069,london,2023
AUDUSD,1,2023-11-17 14:00:00,2023-11-20 00:00:00,0.65001,0.65073,0.64798,0.65406,0.7431,7.2,53.5,53.5,10,time_exit,22.57997,0.00135,1.68797,2.64056,london,2023
AUDUSD,1,2023-11-20 03:00:00,2023-11-20 05:00:00,0.65094,0.65454,0.64914,0.65454,0.8404,36.0,302.17,302.16,2,take_profit,15.42017,0.0012,1.7131,3.2997,tokyo,2023
AUDUSD,-1,2023-11-22 02:00:00,2023-11-22 12:00:00,0.65578,0.65612,0.6576,0.65214,0.8478,-3.4,-28.83,-28.83,10,time_exit,19.09377,0.00121,0.58764,4.9297,tokyo,2023
AUDUSD,-1,2023-11-27 01:00:00,2023-11-27 03:00:00,0.65809,0.65926,0.65926,0.65574,1.3096,-11.7,-153.82,-153.82,2,stop_loss,16.36684,0.00078,1.53463,5.15699,tokyo,2023
AUDUSD,-1,2023-11-28 14:00:00,2023-11-28 16:00:00,0.66141,0.66298,0.66298,0.65827,0.9698,-15.7,-152.28,-152.29,2,stop_loss,26.16846,0.00105,1.62204,4.4694,london,2023
AUDUSD,-1,2023-11-30 21:00:00,2023-12-01 07:00:00,0.66044,0.66128,0.66313,0.65505,0.5596,-8.4,-47.01,-47.01,10,time_exit,13.58172,0.0018,-0.82415,2.0263,new_york,2023
AUDUSD,1,2023-12-01 07:00:00,2023-12-01 17:00:00,0.66106,0.66392,0.65898,0.66523,0.721,28.6,206.21,206.2,10,time_exit,9.79504,0.00139,-0.4352,2.22448,tokyo,2023
AUDUSD,-1,2023-12-04 00:00:00,2023-12-04 01:00:00,0.66638,0.66838,0.66838,0.66239,0.7628,-20.0,-152.35,-152.35,1,stop_loss,25.08625,0.00133,3.51546,2.61283,tokyo,2023
AUDUSD,-1,2023-12-06 04:00:00,2023-12-06 14:00:00,0.65876,0.65746,0.66067,0.65494,0.789,13.0,102.57,102.57,10,time_exit,45.6667,0.00127,-0.24783,-0.44847,tokyo,2023
AUDUSD,-1,2023-12-11 10:00:00,2023-12-11 20:00:00,0.65551,0.65701,0.65725,0.65203,0.8728,-15.0,-130.92,-130.92,10,time_exit,31.5698,0.00116,-2.03162,-0.69576,london,2023
AUDUSD,1,2023-12-13 15:00:00,2023-12-13 17:00:00,0.65552,0.65841,0.65407,0.65841,1.0417,28.9,301.07,301.07,2,take_profit,38.34449,0.00096,-0.96055,-1.38746,london,2023
AUDUSD,1,2023-12-13 21:00:00,2023-12-13 22:00:00,0.6571,0.66033,0.65548,0.66033,0.9494,32.3,307.09,307.08,1,take_profit,26.9023,0.00108,0.36898,-0.99459,new_york,2023
AUDUSD,-1,2023-12-14 12:00:00,2023-12-14 22:00:00,0.671,0.67005,0.67371,0.66558,0.5777,9.5,54.88,54.88,10,time_exit,46.03838,0.00181,4.68337,1.75624,london,2023
AUDUSD,1,2023-12-15 01:00:00,2023-12-15 11:00:00,0.66938,0.67212,0.66696,0.67423,0.6481,27.4,177.58,177.58,10,time_exit,25.28889,0.00162,2.20409,3.08723,tokyo,2023
AUDUSD,1,2023-12-18 18:00:00,2023-12-19 04:00:00,0.66937,0.67202,0.66728,0.67354,0.7623,26.5,202.01,202.01,10,time_exit,12.56532,0.00139,-0.57028,4.27238,new_york,2023
AUDUSD,-1,2023-12-19 08:00:00,2023-12-19 12:00:00,0.67174,0.67342,0.67342,0.66839,0.9596,-16.8,-160.97,-160.97,4,stop_loss,13.12336,0.00112,1.09032,4.85618,tokyo,2023
AUDUSD,1,2023-12-19 16:00:00,2023-12-20 02:00:00,0.67428,0.67526,0.67267,0.6775,0.9896,9.8,96.98,96.98,10,time_exit,14.14384,0.00107,2.88671,5.11708,new_york,2023
AUDUSD,-1,2023-12-20 08:00:00,2023-12-20 18:00:00,0.67694,0.67634,0.67844,0.67394,1.0704,6.0,64.22,64.22,10,time_exit,28.29233,0.001,3.33645,6.36957,tokyo,2023
AUDUSD,-1,2023-12-22 10:00:00,2023-12-22 12:00:00,0.6783,0.67988,0.67988,0.67514,1.018,-15.8,-160.96,-160.96,2,stop_loss,19.4042,0.00105,1.36134,5.51118,london,2023
AUDUSD,1,2023-12-26 13:00:00,2023-12-26 23:00:00,0.68063,0.68238,0.67932,0.68325,1.2165,17.5,212.89,212.89,10,time_exit,15.89517,0.00087,1.53832,6.89743,london,2023
AUDUSD,1,2023-12-27 09:00:00,2023-12-27 19:00:00,0.6833,0.68452,0.68205,0.6858,1.294,12.2,157.87,157.87,10,time_exit,14.20123,0.00083,2.79727,7.29369,london,2023
AUDUSD,-1,2023-12-28 20:00:00,2023-12-29 06:00:00,0.68463,0.68394,0.68666,0.68057,0.8032,6.9,55.42,55.42,10,time_exit,15.66823,0.00135,0.76521,4.3499,new_york,2023
AUDUSD,-1,2024-01-02 18:00:00,2024-01-03 04:00:00,0.67679,0.67553,0.67899,0.67239,0.7432,12.6,93.64,93.64,10,time_exit,18.87848,0.00147,-3.23574,1.64797,new_york,2024
AUDUSD,-1,2024-01-03 07:00:00,2024-01-03 13:00:00,0.67629,0.673,0.67794,0.673,0.9993,32.9,329.12,329.11,6,take_profit,31.25611,0.0011,-2.85507,0.57831,tokyo,2024
AUDUSD,-1,2024-01-03 23:00:00,2024-01-04 05:00:00,0.67255,0.67461,0.67461,0.66842,0.8134,-20.6,-167.85,-167.85,6,stop_loss,35.78113,0.00138,-2.8624,-1.09417,,2024
AUDUSD,-1,2024-01-04 12:00:00,2024-01-04 16:00:00,0.67429,0.67053,0.67617,0.67053,0.8829,37.6,332.33,332.33,4,take_profit,28.58162,0.00125,-0.93099,-1.61395,london,2024
AUDUSD,1,2024-01-05 13:00:00,2024-01-05 15:00:00,0.66817,0.66642,0.66642,0.67166,0.9705,-17.5,-169.49,-169.49,2,stop_loss,37.95597,0.00116,-3.43626,-3.23393,london,2024
AUDUSD,-1,2024-01-09 00:00:00,2024-01-09 02:00:00,0.67106,0.67286,0.67286,0.66745,0.9302,-18.0,-167.79,-167.79,2,stop_loss,13.94905,0.0012,0.71599,-2.74667,tokyo,2024
AUDUSD,-1,2024-01-09 05:00:00,2024-01-09 13:00:00,0.67274,0.66921,0.67451,0.66921,0.9409,35.3,332.22,332.22,8,take_profit,11.87399,0.00118,1.20458,-2.53625,tokyo,2024
AUDUSD,-1,2024-01-10 06:00:00,2024-01-10 16:00:00,0.67012,0.66915,0.67167,0.66702,1.0921,9.7,105.93,105.93,10,time_exit,21.68456,0.00103,0.01353,-3.01438,tokyo,2024
AUDUSD,1,2024-01-12 08:00:00,2024-01-12 18:00:00,0.66963,0.6691,0.66767,0.67354,0.8713,-5.3,-46.18,-46.18,10,time_exit,17.34554,0.0013,-0.09245,-1.65439,tokyo,2024
AUDUSD,1,2024-01-15 08:00:00,2024-01-15 11:00:00,0.66844,0.66658,0.66658,0.67216,0.9148,-18.6,-170.04,-170.05,3,stop_loss,10.21148,0.00124,-0.81452,-1.52357,tokyo,2024
AUDUSD,-1,2024-01-15 16:00:00,2024-01-16 02:00:00,0.66568,0.6626,0.66737,0.6623,0.9954,30.8,306.58,306.58,10,time_exit,21.79551,0.00113,-2.63911,-2.08799,new_york,2024
AUDUSD,-1,2024-01-16 06:00:00,2024-01-16 10:00:00,0.6613,0.66298,0.66298,0.65793,1.0181,-16.8,-171.4,-171.41,4,stop_loss,39.43774,0.00112,-4.99285,-2.90902,tokyo,2024
AUDUSD,-1,2024-01-16 19:00:00,2024-01-17 05:00:00,0.65969,0.65699,0.66176,0.65555,0.8192,27.0,221.18,221.18,10,time_exit,38.51764,0.00138,-3.36575,-3.38686,new_york,2024
AUDUSD,1,2024-01-22 04:00:00,2024-01-22 07:00:00,0.6604,0.65869,0.65869,0.66383,1.0029,-17.1,-171.9,-171.9,3,stop_loss,12.60016,0.00114,1.77278,-3.60597,tokyo,2024
AUDUSD,-1,2024-01-22 21:00:00,2024-01-23 03:00:00,0.65748,0.65907,0.65907,0.6543,1.0696,-15.9,-170.18,-170.18,6,stop_loss,12.63117,0.00106,-1.08411,-3.12102,new_york,2024
AUDUSD,-1,2024-01-23 08:00:00,2024-01-23 17:00:00,0.66075,0.6574,0.66243,0.6574,1.0051,33.5,336.96,336.96,9,take_profit,19.765,0.00112,1.93801,-2.67792,tokyo,2024
AUDUSD,1,2024-01-23 20:00:00,2024-01-24 06:00:00,0.65592,0.65746,0.65401,0.65974,0.8995,15.4,138.52,138.52,10,time_exit,18.04833,0.00127,-1.95367,-2.18737,new_york,2024
AUDUSD,1,2024-01-24 18:00:00,2024-01-24 21:00:00,0.66037,0.65844,0.65844,0.66423,0.8973,-19.3,-173.24,-173.24,3,stop_loss,22.87226,0.00129,1.35134,-1.58489,new_york,2024
AUDUSD,1,2024-01-25 07:00:00,2024-01-25 15:00:00,0.65749,0.66068,0.65589,0.66068,1.074,31.9,343.0,343.0,8,take_profit,15.75675,0.00106,-0.83503,-1.86435,tokyo,2024
AUDUSD,1,2024-01-26 02:00:00,2024-01-26 12:00:00,0.65822,0.65959,0.65657,0.66151,1.0634,13.7,145.69,145.68,10,time_exit,9.59843,0.0011,-0.17627,-1.47657,tokyo,2024
AUDUSD,1,2024-01-29 19:00:00,2024-01-30 02:00:00,0.65933,0.66211,0.65794,0.66211,1.2709,27.8,352.77,352.77,7,take_profit,18.77545,0.00093,0.38562,-0.77593,new_york,2024
AUDUSD,1,2024-01-30 03:00:00,2024-01-30 10:00:00,0.66208,0.66054,0.66054,0.66516,1.168,-15.4,-179.92,-179.93,7,stop_loss,16.33816,0.00103,2.58413,-0.30916,tokyo,2024
AUDUSD,1,2024-01-31 22:00:00,2024-01-31 23:00:00,0.65967,0.65751,0.65751,0.66399,0.8255,-21.6,-178.11,-178.11,1,stop_loss,22.30936,0.00144,0.30273,-0.28005,,2024
AUDUSD,-1,2024-02-01 01:00:00,2024-02-01 11:00:00,0.65642,0.65274,0.65872,0.65182,0.7672,36.8,282.33,282.33,10,time_exit,18.60448,0.00153,-1.59773,-0.4075,tokyo,2024
AUDUSD,1,2024-02-01 15:00:00,2024-02-01 18:00:00,0.65193,0.65622,0.64979,0.65622,0.8354,42.9,358.32,358.32,3,take_profit,22.73141,0.00143,-3.34014,-1.42859,london,2024
AUDUSD,1,2024-02-02 02:00:00,2024-02-02 12:00:00,0.65743,0.66044,0.65552,0.66125,0.9558,30.1,287.7,287.69,10,time_exit,20.82892,0.00127,0.68479,-1.53452,tokyo,2024
AUDUSD,-1,2024-02-02 12:00:00,2024-02-02 15:00:00,0.66024,0.65695,0.66189,0.65695,1.1277,32.9,371.25,371.25,3,take_profit,27.5105,0.0011,2.49863,-1.01327,london,2024
AUDUSD,1,2024-02-02 16:00:00,2024-02-02 17:00:00,0.65426,0.65213,0.65213,0.65853,0.8874,-21.3,-189.34,-189.34,1,stop_loss,30.46259,0.00142,-2.4094,-0.645,new_york,2024
AUDUSD,-1,2024-02-05 03:00:00,2024-02-05 07:00:00,0.64929,0.65134,0.65134,0.64519,0.915,-20.5,-187.43,-187.44,4,stop_loss,42.47617,0.00137,-4.44553,-1.82203,tokyo,2024
AUDUSD,1,2024-02-05 18:00:00,2024-02-06 04:00:00,0.64724,0.64915,0.64543,0.65086,1.0245,19.1,195.68,195.68,10,time_exit,44.81609,0.00121,-4.69282,-3.18686,new_york,2024
AUDUSD,-1,2024-02-06 10:00:00,2024-02-06 19:00:00,0.65078,0.65246,0.65246,0.64741,1.1135,-16.8,-187.53,-187.53,9,stop_loss,32.41276,0.00112,-0.41741,-3.90944,london,2024
AUDUSD,1,2024-02-07 00:00:00,2024-02-07 10:00:00,0.65218,0.65242,0.65057,0.6554,1.1529,2.4,27.67,27.67,10,time_exit,23.85833,0.00107,1.07922,-3.61412,tokyo,2024
AUDUSD,-1,2024-02-09 01:00:00,2024-02-09 09:00:00,0.64938,0.65057,0.65057,0.647,1.5612,-11.9,-185.93,-185.93,8,stop_loss,33.70998,0.00079,-1.86233,-3.48819,tokyo,2024
AUDUSD,1,2024-02-09 16:00:00,2024-02-12 00:00:00,0.65223,0.65096,0.65096,0.65477,1.4467,-12.7,-184.06,-184.07,8,stop_loss,28.96192,0.00085,1.93841,-2.99892,new_york,2024
AUDUSD,1,2024-02-12 23:00:00,2024-02-13 00:00:00,0.65312,0.65191,0.65191,0.65554,1.5069,-12.1,-182.22,-182.23,1,stop_loss,18.95129,0.00081,1.394,-1.19174,,2024
AUDUSD,1,2024-02-13 11:00:00,2024-02-13 15:00:00,0.65152,0.65041,0.65041,0.65374,1.6256,-11.1,-180.4,-180.4,4,stop_loss,24.56943,0.00074,-0.72809,-1.09015,london,2024
AUDUSD,1,2024-02-14 10:00:00,2024-02-14 20:00:00,0.64762,0.64905,0.64624,0.65037,1.2972,14.3,185.5,185.5,10,time_exit,42.85,0.00092,-1.30076,-3.07232,london,2024
AUDUSD,-1,2024-02-15 03:00:00,2024-02-15 09:00:00,0.64862,0.64996,0.64996,0.64595,1.3493,-13.4,-180.45,-180.46,6,stop_loss,22.94733,0.00089,-0.08242,-2.72944,tokyo,2024
AUDUSD,1,2024-02-15 15:00:00,2024-02-15 17:00:00,0.6503,0.6527,0.6491,0.6527,1.4912,24.0,357.29,357.29,2,take_profit,19.35973,0.0008,1.69841,-2.49063,london,2024
AUDUSD,-1,2024-02-16 15:00:00,2024-02-16 16:00:00,0.65204,0.64985,0.65314,0.64985,1.6628,21.9,364.44,364.43,1,take_profit,26.51465,0.00073,1.65578,-0.45825,london,2024
AUDUSD,1,2024-02-19 11:00:00,2024-02-19 21:00:00,0.65415,0.65384,0.65292,0.65661,1.5114,-3.1,-46.85,-46.86,10,time_exit,23.56968,0.00082,2.15974,0.96117,london,2024
AUDUSD,-1,2024-02-20 04:00:00,2024-02-20 10:00:00,0.65289,0.65385,0.65385,0.65096,1.9233,-9.6,-185.39,-185.4,6,stop_loss,18.19561,0.00064,-0.11007,1.67724,tokyo,2024
AUDUSD,1,2024-02-21 02:00:00,2024-02-21 12:00:00,0.65533,0.65583,0.65406,0.65787,1.446,5.0,72.3,72.3,10,time_exit,25.21242,0.00085,1.30052,2.03135,tokyo,2024
AUDUSD,1,2024-02-22 01:00:00,2024-02-22 09:00:00,0.65498,0.6577,0.65362,0.6577,1.357,27.2,368.52,368.52,8,take_profit,14.76862,0.00091,0.12606,1.9445,tokyo,2024
AUDUSD,1,2024-02-22 14:00:00,2024-02-22 15:00:00,0.65806,0.65662,0.65662,0.66093,1.3087,-14.4,-187.95,-187.95,1,stop_loss,22.75552,0.00096,2.42529,2.26931,london,2024
AUDUSD,-1,2024-02-23 09:00:00,2024-02-23 19:00:00,0.65735,0.65639,0.65869,0.65467,1.3883,9.6,133.28,133.27,10,time_exit,11.80964,0.00089,1.56309,2.19372,london,2024
AUDUSD,1,2024-02-23 23:00:00,2024-02-26 09:00:00,0.65626,0.65519,0.65493,0.65892,1.4097,-10.7,-150.84,-150.84,10,time_exit,12.79197,0.00089,0.04504,2.13882,,2024
AUDUSD,1,2024-02-27 14:00:00,2024-02-27 17:00:00,0.65494,0.65381,0.65381,0.6572,1.6433,-11.3,-185.89,-185.9,3,stop_loss,23.44823,0.00075,0.05516,0.62099,london,2024
AUDUSD,-1,2024-02-28 14:00:00,2024-02-29 00:00:00,0.65005,0.6496,0.65136,0.64743,1.4037,4.5,63.17,63.16,10,time_exit,45.83261,0.00087,-3.85875,-0.77654,london,2024
AUDUSD,-1,2024-02-29 03:00:00,2024-02-29 04:00:00,0.64964,0.65076,0.65076,0.6474,1.6487,-11.2,-184.66,-184.67,1,stop_loss,51.31599,0.00075,-2.92982,-2.29066,tokyo,2024
AUDUSD,-1,2024-03-04 03:00:00,2024-03-04 13:00:00,0.65311,0.65226,0.65449,0.65034,1.3214,8.5,112.32,112.32,10,time_exit,15.2341,0.00092,1.81209,-1.28347,tokyo,2024
AUDUSD,1,2024-03-05 12:00:00,2024-03-05 17:00:00,0.64868,0.65114,0.64745,0.65114,1.4945,24.6,367.88,367.88,5,take_profit,41.27836,0.00082,-2.63912,-1.59635,london,2024
AUDUSD,1,2024-03-05 17:00:00,2024-03-06 03:00:00,0.6498,0.64983,0.64856,0.65228,1.5152,0.3,4.55,4.54,10,time_exit,37.7194,0.00083,-1.37736,-1.7558,new_york,2024
AUDUSD,1,2024-03-06 05:00:00,2024-03-06 15:00:00,0.65116,0.65394,0.64977,0.65394,1.3483,27.8,375.33,375.33,10,take_profit,23.09334,0.00093,0.67562,-1.40027,tokyo,2024
AUDUSD,-1,2024-03-06 23:00:00,2024-03-07 05:00:00,0.65652,0.65807,0.65807,0.65342,1.235,-15.5,-191.42,-191.43,6,stop_loss,38.44181,0.00103,3.91561,0.29133,,2024
AUDUSD,1,2024-03-07 19:00:00,2024-03-08 05:00:00,0.66175,0.6627,0.6602,0.66485,1.2239,9.5,116.27,116.27,10,time_exit,51.4547,0.00103,5.32023,2.73792,new_york,2024
AUDUSD,-1,2024-03-08 09:00:00,2024-03-08 12:00:00,0.66336,0.66464,0.66464,0.66081,1.4939,-12.8,-190.67,-190.67,3,stop_loss,53.00202,0.00085,5.27606,5.0305,london,2024
AUDUSD,1,2024-03-11 06:00:00,2024-03-11 16:00:00,0.66095,0.66014,0.65941,0.66402,1.2292,-8.1,-99.57,-99.57,10,time_exit,26.92713,0.00102,-0.15695,4.8168,tokyo,2024
AUDUSD,1,2024-03-12 16:00:00,2024-03-12 17:00:00,0.66121,0.65957,0.65957,0.66449,1.1433,-16.4,-187.77,-187.77,1,stop_loss,24.45474,0.00109,-0.05919,3.30891,new_york,2024
AUDUSD,-1,2024-03-13 22:00:00,2024-03-14 08:00:00,0.66252,0.66159,0.66378,0.65999,1.4715,9.3,136.85,136.85,10,time_exit,21.25709,0.00084,1.50048,3.24131,,2024
AUDUSD,1,2024-03-15 05:00:00,2024-03-15 15:00:00,0.65638,0.65642,0.65498,0.65917,1.3422,0.4,5.37,5.37,10,time_exit,41.78521,0.00093,-4.07023,1.26891,tokyo,2024
AUDUSD,-1,2024-03-18 07:00:00,2024-03-18 17:00:00,0.65628,0.65605,0.65742,0.65401,1.6482,2.3,37.91,37.91,10,time_exit,30.73783,0.00076,-1.79963,-0.9546,tokyo,2024
AUDUSD,1,2024-03-19 12:00:00,2024-03-19 22:00:00,0.65157,0.6532,0.65012,0.65448,1.292,16.3,210.6,210.59,10,time_exit,35.32899,0.00097,-4.25133,-1.93246,london,2024
AUDUSD,1,2024-03-20 06:00:00,2024-03-20 07:00:00,0.65396,0.65279,0.65279,0.6563,1.6247,-11.7,-189.8,-189.8,1,stop_loss,19.11173,0.00078,-0.35266,-3.26148,tokyo,2024
AUDUSD,1,2024-03-21 01:00:00,2024-03-21 03:00:00,0.65797,0.66109,0.65641,0.66109,1.2027,31.2,375.79,375.78,2,take_profit,25.88893,0.00104,3.63471,-2.00122,tokyo,2024
AUDUSD,-1,2024-03-21 10:00:00,2024-03-21 15:00:00,0.66272,0.6596,0.66428,0.6596,1.2305,31.2,383.31,383.3,5,take_profit,44.10477,0.00104,6.03886,-0.26803,london,2024
AUDUSD,1,2024-03-22 04:00:00,2024-03-22 05:00:00,0.65748,0.65623,0.65623,0.65998,1.567,-12.5,-195.49,-195.49,1,stop_loss,27.86348,0.00083,0.23565,0.35801,tokyo,2024
AUDUSD,-1,2024-03-22 08:00:00,2024-03-22 18:00:00,0.65242,0.65197,0.65391,0.64944,1.2978,4.5,58.4,58.4,10,time_exit,33.38743,0.00099,-4.30311,-0.14665,tokyo,2024
AUDUSD,1,2024-03-22 21:00:00,2024-03-25 07:00:00,0.65182,0.65267,0.65033,0.6548,1.3042,8.5,110.86,110.85,10,time_exit,33.62668,0.00099,-2.96347,-1.48023,new_york,2024
AUDUSD,-1,2024-03-25 17:00:00,2024-03-26 03:00:00,0.65412,0.65433,0.65545,0.65147,1.471,-2.1,-30.89,-30.89,10,time_exit,17.5217,0.00088,0.61233,-2.24035,new_york,2024
AUDUSD,1,2024-03-27 07:00:00,2024-03-27 17:00:00,0.65211,0.6528,0.65085,0.65463,1.5495,6.9,106.92,106.91,10,time_exit,20.72666,0.00084,-1.77029,-1.67643,tokyo,2024
AUDUSD,-1,2024-03-28 08:00:00,2024-03-28 10:00:00,0.65312,0.65057,0.65439,0.65057,1.5387,25.5,391.97,391.97,2,take_profit,15.72098,0.00085,0.07524,-1.69057,tokyo,2024
AUDUSD,1,2024-03-29 05:00:00,2024-03-29 15:00:00,0.65175,0.65265,0.65047,0.6543,1.5656,9.0,140.9,140.9,10,time_exit,12.3451,0.00085,-0.36885,-2.1274,tokyo,2024
AUDUSD,1,2024-03-29 18:00:00,2024-03-29 22:00:00,0.6526,0.65139,0.65139,0.65502,1.6633,-12.1,-201.32,-201.32,4,stop_loss,13.31508,0.00081,0.90442,-2.12967,new_york,2024
AUDUSD,-1,2024-04-01 03:00:00,2024-04-01 13:00:00,0.65338,0.65174,0.65471,0.65072,1.4978,16.4,245.64,245.64,10,time_exit,15.68642,0.00089,1.60761,-1.71719,tokyo,2024
AUDUSD,-1,2024-04-02 17:00:00,2024-04-02 23:00:00,0.65052,0.65179,0.65179,0.64799,1.5937,-12.7,-201.76,-201.76,6,stop_loss,23.05006,0.00084,0.02763,-2.36225,new_york,2024
AUDUSD,-1,2024-04-03 11:00:00,2024-04-03 16:00:00,0.65094,0.65213,0.65213,0.64857,1.6846,-11.9,-199.75,-199.75,5,stop_loss,14.89349,0.00079,-0.0085,-1.68474,london,2024
AUDUSD,1,2024-04-03 20:00:00,2024-04-04 06:00:00,0.65644,0.65812,0.65482,0.65967,1.2226,16.8,205.4,205.39,10,time_exit,19.9559,0.00108,4.54332,-0.72256,new_york,2024
AUDUSD,-1,2024-04-04 07:00:00,2024-04-04 10:00:00,0.65812,0.65941,0.65941,0.65554,1.5514,-12.9,-199.8,-199.8,3,stop_loss,31.88354,0.00086,5.35493,0.8261,tokyo,2024
AUDUSD,-1,2024-04-05 15:00:00,2024-04-05 16:00:00,0.65842,0.65592,0.65967,0.65592,1.5802,25.0,395.6,395.6,1,take_profit,22.68384,0.00083,1.29709,3.37756,london,2024
AUDUSD,1,2024-04-09 01:00:00,2024-04-09 11:00:00,0.66003,0.66115,0.65878,0.66252,1.6184,11.2,181.26,181.26,10,time_exit,24.97389,0.00083,1.98575,3.40132,tokyo,2024
AUDUSD,-1,2024-04-10 01:00:00,2024-04-10 11:00:00,0.6627,0.66265,0.66409,0.65992,1.4667,0.5,7.33,7.33,10,time_exit,22.50132,0.00093,2.33157,3.87226,tokyo,2024
AUDUSD,-1,2024-04-10 14:00:00,2024-04-10 15:00:00,0.66234,0.66013,0.66345,0.66013,1.8416,22.1,407.29,407.29,1,take_profit,11.20313,0.00074,1.36779,5.01488,london,2024
AUDUSD,1,2024-04-10 17:00:00,2024-04-10 19:00:00,0.65256,0.65043,0.65043,0.65683,0.9733,-21.3,-207.73,-207.73,2,stop_loss,19.8844,0.00142,-5.79981,2.23949,new_york,2024
AUDUSD,1,2024-04-18 10:00:00,2024-04-18 15:00:00,0.64518,0.6436,0.6436,0.64835,1.2993,-15.8,-205.65,-205.65,5,stop_loss,13.79024,0.00106,1.55153,-4.68768,london,2024
AUDUSD,1,2024-04-19 03:00:00,2024-04-19 04:00:00,0.64233,0.64096,0.64096,0.64506,1.4895,-13.7,-203.58,-203.58,1,stop_loss,19.24321,0.00091,-1.03445,-4.79285,tokyo,2024
AUDUSD,-1,2024-04-19 23:00:00,2024-04-22 03:00:00,0.64183,0.64367,0.64367,0.63814,1.0937,-18.4,-201.55,-201.56,4,stop_loss,15.45106,0.00123,-0.26251,-3.50151,,2024
AUDUSD,-1,2024-04-22 11:00:00,2024-04-22 20:00:00,0.64295,0.64457,0.64457,0.6397,1.2284,-16.2,-199.53,-199.53,9,stop_loss,12.82961,0.00108,0.37607,-3.26531,london,2024
AUDUSD,1,2024-04-22 23:00:00,2024-04-23 09:00:00,0.64491,0.645,0.64355,0.64763,1.4521,0.9,13.07,13.07,10,time_exit,12.28242,0.00091,1.96563,-2.99019,,2024
AUDUSD,-1,2024-04-24 11:00:00,2024-04-24 21:00:00,0.65053,0.6494,0.65199,0.64761,1.3554,11.3,153.16,153.16,10,time_exit,32.36244,0.00097,3.3441,0.83926,london,2024
AUDUSD,-1,2024-04-24 21:00:00,2024-04-25 07:00:00,0.64994,0.65066,0.65138,0.64706,1.3825,-7.2,-99.54,-99.54,10,time_exit,20.51366,0.00096,1.92314,1.36108,new_york,2024
AUDUSD,-1,2024-04-25 07:00:00,2024-04-25 09:00:00,0.65032,0.65163,0.65163,0.6477,1.5104,-13.1,-198.2,-198.2,2,stop_loss,12.88606,0.00087,1.84213,1.87191,tokyo,2024
AUDUSD,1,2024-04-26 11:00:00,2024-04-26 17:00:00,0.65426,0.6527,0.6527,0.65739,1.2552,-15.6,-196.22,-196.22,6,stop_loss,14.11666,0.00104,3.02168,2.69868,london,2024
AUDUSD,1,2024-04-29 14:00:00,2024-04-29 17:00:00,0.65641,0.65463,0.65463,0.65997,1.0908,-17.8,-194.26,-194.26,3,stop_loss,20.58075,0.00119,2.303,3.24573,london,2024
AUDUSD,-1,2024-04-30 04:00:00,2024-04-30 06:00:00,0.65603,0.65316,0.65746,0.65316,1.3409,28.7,384.63,384.63,2,take_profit,14.4547,0.00096,1.27189,4.33356,tokyo,2024
AUDUSD,-1,2024-05-02 12:00:00,2024-05-02 19:00:00,0.65371,0.65557,0.65557,0.64999,1.0537,-18.6,-196.15,-196.16,7,stop_loss,43.10873,0.00124,1.8782,0.63463,london,2024
AUDUSD,-1,2024-05-03 01:00:00,2024-05-03 04:00:00,0.65642,0.65818,0.65818,0.6529,1.1024,-17.6,-194.21,-194.21,3,stop_loss,36.62295,0.00117,3.11629,1.45951,tokyo,2024
AUDUSD,1,2024-05-03 14:00:00,2024-05-03 15:00:00,0.65836,0.66119,0.65695,0.66119,1.3591,28.3,384.51,384.51,1,take_profit,39.00452,0.00094,3.79052,3.07258,london,2024
AUDUSD,-1,2024-05-06 01:00:00,2024-05-06 11:00:00,0.66091,0.66289,0.66289,0.65695,0.9914,-19.8,-196.1,-196.1,10,stop_loss,40.7363,0.00132,2.7673,3.19399,tokyo,2024
AUDUSD,1,2024-05-08 18:00:00,2024-05-09 04:00:00,0.65748,0.65805,0.65622,0.66,1.5391,5.7,87.73,87.73,10,time_exit,29.845,0.00084,-1.71581,3.07872,new_york,2024
AUDUSD,-1,2024-05-10 08:00:00,2024-05-10 16:00:00,0.66068,0.66181,0.66181,0.65842,1.7288,-11.3,-195.02,-195.02,8,stop_loss,23.60551,0.00075,1.34201,3.14056,tokyo,2024
AUDUSD,1,2024-05-14 00:00:00,2024-05-14 10:00:00,0.66074,0.66085,0.65965,0.66292,1.7685,1.1,19.45,19.45,10,time_exit,13.13334,0.00073,0.43167,2.86365,tokyo,2024
AUDUSD,1,2024-05-15 13:00:00,2024-05-15 15:00:00,0.66453,0.66341,0.66341,0.66678,1.7197,-11.2,-193.27,-193.27,2,stop_loss_ambiguous,20.07259,0.00075,3.11339,3.46978,london,2024
AUDUSD,-1,2024-05-15 17:00:00,2024-05-15 18:00:00,0.66359,0.66544,0.66544,0.65989,1.0333,-18.5,-191.33,-191.33,1,stop_loss,21.99693,0.00123,0.85883,2.2215,new_york,2024
AUDUSD,1,2024-05-15 22:00:00,2024-05-16 08:00:00,0.66903,0.6681,0.66688,0.67333,0.8808,-9.3,-81.91,-81.92,10,time_exit,32.06918,0.00143,3.81122,2.34915,,2024
AUDUSD,-1,2024-05-17 21:00:00,2024-05-20 04:00:00,0.66919,0.67067,0.67067,0.66623,1.2753,-14.8,-188.6,-188.61,7,stop_loss,19.53183,0.00099,2.36405,3.91459,new_york,2024
AUDUSD,-1,2024-05-20 05:00:00,2024-05-20 15:00:00,0.67033,0.66755,0.67172,0.66755,1.3449,27.8,373.42,373.42,10,take_profit,26.4265,0.00093,2.91017,4.45495,tokyo,2024
AUDUSD,1,2024-05-22 16:00:00,2024-05-22 20:00:00,0.66455,0.66318,0.66318,0.6673,1.3869,-13.7,-190.45,-190.45,4,stop_loss,18.57975,0.00092,-2.39682,1.83014,new_york,2024
AUDUSD,-1,2024-05-24 06:00:00,2024-05-24 11:00:00,0.65951,0.6609,0.6609,0.65672,1.3517,-13.9,-188.54,-188.54,5,stop_loss,40.22027,0.00093,-3.52399,-1.39615,tokyo,2024
AUDUSD,1,2024-05-28 12:00:00,2024-05-28 16:00:00,0.66593,0.66798,0.66491,0.66798,1.8217,20.5,373.31,373.3,4,take_profit,24.40698,0.00068,1.83923,0.8124,london,2024
AUDUSD,1,2024-05-28 16:00:00,2024-05-28 17:00:00,0.66698,0.66596,0.66596,0.66902,1.8635,-10.2,-190.39,-190.39,1,stop_loss,22.16671,0.00068,2.98228,1.06962,new_york,2024
AUDUSD,-1,2024-05-28 17:00:00,2024-05-29 03:00:00,0.66626,0.66396,0.66741,0.66396,1.6358,23.0,376.98,376.98,10,take_profit,23.45151,0.00077,1.65257,0.98929,new_york,2024
AUDUSD,1,2024-06-03 02:00:00,2024-06-03 09:00:00,0.66552,0.66401,0.66401,0.66853,1.2756,-15.1,-192.26,-192.26,7,stop_loss,15.19896,0.001,1.55528,0.09695,tokyo,2024
AUDUSD,-1,2024-06-03 11:00:00,2024-06-03 13:00:00,0.66332,0.66471,0.66471,0.66053,1.3646,-13.9,-190.34,-190.34,2,stop_loss,14.14367,0.00093,-0.9919,0.309,london,2024
AUDUSD,1,2024-06-03 23:00:00,2024-06-04 09:00:00,0.66801,0.66643,0.66643,0.67116,1.1964,-15.8,-188.44,-188.44,10,stop_loss,23.61098,0.00105,2.72157,0.85259,,2024
AUDUSD,1,2024-06-04 09:00:00,2024-06-04 11:00:00,0.66683,0.66533,0.66533,0.66983,1.2431,-15.0,-186.55,-186.55,2,stop_loss,27.07081,0.001,0.64657,1.54528,london,2024
AUDUSD,-1,2024-06-04 12:00:00,2024-06-04 22:00:00,0.66507,0.66491,0.66664,0.66193,1.1776,1.6,18.84,18.84,10,time_exit,24.07887,0.00105,-1.02816,1.41461,london,2024
AUDUSD,-1,2024-06-05 00:00:00,2024-06-05 04:00:00,0.66408,0.66556,0.66556,0.66112,1.2485,-14.8,-184.86,-184.86,4,stop_loss,20.23196,0.00099,-0.54078,0.87681,tokyo,2024
AUDUSD,1,2024-06-05 13:00:00,2024-06-05 17:00:00,0.66476,0.66343,0.66343,0.66742,1.3776,-13.3,-183.02,-183.03,4,stop_loss,12.24484,0.00089,-0.8211,0.83878,london,2024
AUDUSD,-1,2024-06-06 05:00:00,2024-06-06 10:00:00,0.6678,0.66502,0.66919,0.66502,1.3013,27.8,362.38,362.38,5,take_profit,16.41821,0.00093,2.67079,0.57536,tokyo,2024
AUDUSD,-1,2024-06-07 09:00:00,2024-06-07 15:00:00,0.66726,0.66479,0.66849,0.66479,1.497,24.7,369.61,369.61,6,take_profit,12.72455,0.00082,1.53207,1.0594,london,2024
AUDUSD,-1,2024-06-07 21:00:00,2024-06-10 07:00:00,0.65874,0.65905,0.66061,0.655,1.0078,-3.1,-31.24,-31.24,10,time_exit,28.60952,0.00125,-4.76411,-0.14986,new_york,2024
AUDUSD,1,2024-06-10 23:00:00,2024-06-11 04:00:00,0.66087,0.65961,0.65961,0.66339,1.4916,-12.6,-188.2,-188.2,5,stop_loss,25.54374,0.00084,-0.46587,-2.75295,,2024
AUDUSD,1,2024-06-11 09:00:00,2024-06-11 14:00:00,0.66017,0.65912,0.65912,0.66228,1.7685,-10.5,-186.32,-186.32,5,stop_loss,20.01234,0.0007,-1.09334,-3.32668,london,2024
AUDUSD,-1,2024-06-12 02:00:00,2024-06-12 08:00:00,0.66074,0.66191,0.66191,0.6584,1.5738,-11.7,-184.45,-184.45,6,stop_loss,14.67312,0.00078,0.16391,-2.80975,tokyo,2024
AUDUSD,-1,2024-06-12 12:00:00,2024-06-12 15:00:00,0.66127,0.66251,0.66251,0.65879,1.474,-12.4,-182.6,-182.61,3,stop_loss,13.72238,0.00083,0.53856,-2.20176,london,2024
AUDUSD,1,2024-06-12 16:00:00,2024-06-12 21:00:00,0.66882,0.66686,0.66686,0.67275,0.9207,-19.6,-180.79,-180.79,5,stop_loss,16.81019,0.00131,5.81883,-1.12021,new_york,2024
AUDUSD,-1,2024-06-17 02:00:00,2024-06-17 12:00:00,0.66171,0.66059,0.66325,0.65863,1.1625,11.2,130.2,130.2,10,time_exit,31.01846,0.00103,-0.83937,-0.5288,tokyo,2024
AUDUSD,-1,2024-06-18 20:00:00,2024-06-19 06:00:00,0.66539,0.66608,0.66712,0.66193,1.0431,-6.9,-71.97,-71.98,10,time_exit,23.09309,0.00115,2.99739,-0.48868,new_york,2024
AUDUSD,-1,2024-06-19 19:00:00,2024-06-20 05:00:00,0.6674,0.66708,0.6685,0.66519,1.6284,3.2,52.11,52.11,10,time_exit,37.77425,0.00074,3.54222,1.96941,new_york,2024
AUDUSD,-1,2024-06-20 12:00:00,2024-06-20 14:00:00,0.66674,0.66773,0.66773,0.66476,1.8173,-9.9,-180.08,-180.08,2,stop_loss,22.14154,0.00066,1.24395,3.01669,london,2024
AUDUSD,-1,2024-06-24 22:00:00,2024-06-25 08:00:00,0.66611,0.66628,0.66735,0.66363,1.4376,-1.7,-24.44,-24.44,10,time_exit,16.21642,0.00083,1.27893,0.73212,,2024
AUDUSD,-1,2024-06-26 03:00:00,2024-06-26 04:00:00,0.66444,0.66549,0.66549,0.66234,1.6963,-10.5,-178.03,-178.03,1,stop_loss,18.68029,0.0007,-0.92447,0.6218,tokyo,2024
AUDUSD,1,2024-06-26 06:00:00,2024-06-26 14:00:00,0.66703,0.66568,0.66568,0.66973,1.3055,-13.5,-176.25,-176.25,8,stop_loss,19.87003,0.0009,2.00997,0.58006,tokyo,2024
AUDUSD,1,2024-06-27 19:00:00,2024-06-28 04:00:00,0.66473,0.66321,0.66321,0.66777,1.1493,-15.2,-174.49,-174.49,9,stop_loss,14.00352,0.00101,-0.99036,0.63704,new_york,2024
AUDUSD,-1,2024-06-28 20:00:00,2024-07-01 06:00:00,0.66741,0.66676,0.66909,0.66406,1.0309,6.5,67.01,67.01,10,time_exit,28.9898,0.00112,1.88547,0.24184,new_york,2024
AUDUSD,-1,2024-07-01 11:00:00,2024-07-01 17:00:00,0.66759,0.66501,0.66888,0.66501,1.3438,25.8,346.82,346.81,6,take_profit,25.91761,0.00086,1.69805,0.92431,london,2024
AUDUSD,1,2024-07-02 00:00:00,2024-07-02 06:00:00,0.665,0.66349,0.66349,0.66803,1.1692,-15.1,-176.89,-176.89,6,stop_loss,19.78448,0.00101,-0.23881,0.70873,tokyo,2024
AUDUSD,1,2024-07-03 03:00:00,2024-07-03 13:00:00,0.66686,0.66704,0.66574,0.66911,1.5591,1.8,28.06,28.06,10,time_exit,21.33743,0.00075,1.24664,0.58245,tokyo,2024
AUDUSD,1,2024-07-03 20:00:00,2024-07-04 00:00:00,0.67143,0.66986,0.66986,0.67456,1.1203,-15.7,-175.4,-175.4,4,stop_loss,36.6087,0.00104,4.0168,1.24026,new_york,2024
AUDUSD,-1,2024-07-04 18:00:00,2024-07-05 04:00:00,0.67257,0.67361,0.67361,0.67049,1.6701,-10.4,-173.64,-173.65,10,stop_loss,46.7302,0.00069,3.81349,4.10042,new_york,2024
AUDUSD,-1,2024-07-05 06:00:00,2024-07-05 15:00:00,0.67349,0.67434,0.67434,0.6718,2.0293,-8.5,-171.91,-171.91,9,stop_loss_ambiguous,44.14954,0.00056,4.33165,5.88442,tokyo,2024
AUDUSD,-1,2024-07-09 00:00:00,2024-07-09 03:00:00,0.67319,0.67435,0.67435,0.67087,1.4694,-11.6,-170.18,-170.19,3,stop_loss,16.89607,0.00077,0.19797,4.75298,tokyo,2024
AUDUSD,-1,2024-07-09 09:00:00,2024-07-09 19:00:00,0.67428,0.67375,0.6754,0.67205,1.5102,5.3,80.04,80.04,10,time_exit,13.75771,0.00074,0.80487,4.58191,london,2024
AUDUSD,1,2024-07-10 17:00:00,2024-07-11 03:00:00,0.67432,0.67509,0.6733,0.67635,1.6644,7.7,128.16,128.16,10,time_exit,7.91651,0.00068,0.52097,3.9372,new_york,2024
AUDUSD,-1,2024-07-11 04:00:00,2024-07-11 05:00:00,0.67509,0.67601,0.67601,0.67326,1.8603,-9.2,-170.56,-170.56,1,stop_loss,7.51909,0.00061,1.40273,4.22429,tokyo,2024
AUDUSD,-1,2024-07-11 14:00:00,2024-07-11 15:00:00,0.67548,0.6764,0.6764,0.67364,1.8377,-9.2,-168.86,-168.86,1,stop_loss,17.81204,0.00061,1.16998,4.41765,london,2024
AUDUSD,-1,2024-07-12 03:00:00,2024-07-12 13:00:00,0.67696,0.67731,0.67856,0.67376,1.0453,-3.5,-36.59,-36.59,10,time_exit,29.8691,0.00107,1.38901,2.71734,tokyo,2024
AUDUSD,-1,2024-07-15 05:00:00,2024-07-15 11:00:00,0.67709,0.67838,0.67838,0.6745,1.2899,-12.9,-166.81,-166.81,6,stop_loss,24.5561,0.00086,0.32638,3.58396,tokyo,2024
AUDUSD,-1,2024-07-16 17:00:00,2024-07-17 03:00:00,0.6724,0.67314,0.6738,0.6696,1.1776,-7.4,-87.14,-87.14,10,time_exit,40.40195,0.00093,-3.51415,1.42384,new_york,2024
AUDUSD,1,2024-07-17 18:00:00,2024-07-18 04:00:00,0.67298,0.67163,0.67163,0.67568,1.2172,-13.5,-164.27,-164.27,10,stop_loss,24.06595,0.0009,-1.60272,0.26066,new_york,2024
AUDUSD,1,2024-07-18 04:00:00,2024-07-18 14:00:00,0.67221,0.6731,0.67104,0.67455,1.3909,8.9,123.79,123.79,10,time_exit,28.86115,0.00078,-2.09599,-0.25499,tokyo,2024
AUDUSD,1,2024-07-19 21:00:00,2024-07-22 04:00:00,0.6688,0.66767,0.66767,0.67106,1.4516,-11.3,-163.86,-163.86,7,stop_loss,54.72132,0.00075,-3.09575,-2.53569,new_york,2024
AUDUSD,1,2024-07-22 11:00:00,2024-07-22 15:00:00,0.66638,0.66511,0.66511,0.66891,1.2823,-12.7,-162.22,-162.22,4,stop_loss,47.06372,0.00084,-3.8771,-3.20425,london,2024
AUDUSD,1,2024-07-23 08:00:00,2024-07-23 15:00:00,0.66315,0.66209,0.66209,0.66526,1.5215,-10.6,-160.59,-160.6,7,stop_loss,55.63828,0.0007,-4.85632,-6.06616,tokyo,2024
AUDUSD,-1,2024-07-24 19:00:00,2024-07-25 03:00:00,0.65989,0.65725,0.66121,0.65725,1.2029,26.4,317.98,317.98,8,take_profit,51.82753,0.00088,-2.53228,-6.5711,new_york,2024
AUDUSD,-1,2024-07-25 05:00:00,2024-07-25 10:00:00,0.65626,0.6537,0.65754,0.6537,1.2649,25.6,324.34,324.34,5,take_profit,52.85026,0.00085,-5.17682,-7.33412,tokyo,2024
AUDUSD,1,2024-07-25 14:00:00,2024-07-25 17:00:00,0.6523,0.65522,0.65084,0.65522,1.1311,29.2,330.83,330.83,3,take_profit,66.59649,0.00097,-6.47464,-7.40329,london,2024
AUDUSD,1,2024-07-26 07:00:00,2024-07-26 17:00:00,0.65514,0.65536,0.65374,0.65795,1.2012,2.2,26.43,26.42,10,time_exit,34.20309,0.00094,-1.5135,-7.99488,tokyo,2024
AUDUSD,-1,2024-07-30 19:00:00,2024-07-31 04:00:00,0.65348,0.65114,0.65465,0.65114,1.4418,23.4,337.99,337.98,9,take_profit,23.83919,0.00078,-1.80253,-6.47327,new_york,2024
AUDUSD,-1,2024-08-02 02:00:00,2024-08-02 07:00:00,0.64936,0.65141,0.65141,0.64527,0.8426,-20.5,-172.36,-172.36,5,stop_loss,21.18715,0.00136,-2.25284,-3.13914,tokyo,2024
AUDUSD,1,2024-08-06 21:00:00,2024-08-07 07:00:00,0.65342,0.65568,0.65057,0.65912,0.5984,22.6,135.24,135.24,10,time_exit,15.96501,0.0019,1.78301,-1.72471,new_york,2024
AUDUSD,1,2024-08-07 17:00:00,2024-08-07 19:00:00,0.6563,0.6541,0.6541,0.6607,0.7821,-22.0,-172.0,-172.0,2,stop_loss,23.68424,0.00147,2.44071,-0.56647,new_york,2024
AUDUSD,1,2024-08-08 15:00:00,2024-08-08 21:00:00,0.65505,0.65916,0.65299,0.65916,0.8279,41.1,340.56,340.55,6,take_profit,20.47962,0.00137,1.06704,-0.04489,london,2024
AUDUSD,-1,2024-08-09 17:00:00,2024-08-12 03:00:00,0.65726,0.65779,0.65903,0.65373,0.983,-5.3,-52.1,-52.1,10,time_exit,24.54601,0.00118,0.44139,1.7034,new_york,2024
AUDUSD,-1,2024-08-12 05:00:00,2024-08-12 10:00:00,0.65837,0.6599,0.6599,0.65531,1.1313,-15.3,-173.16,-173.16,5,stop_loss,14.43344,0.00102,1.29798,1.94777,tokyo,2024
AUDUSD,1,2024-08-12 10:00:00,2024-08-12 20:00:00,0.65854,0.65872,0.65718,0.66126,1.2614,1.8,22.71,22.7,10,time_exit,13.51822,0.00091,1.3808,2.28303,london,2024
AUDUSD,-1,2024-08-13 20:00:00,2024-08-14 03:00:00,0.66244,0.66412,0.66412,0.65907,1.0199,-16.8,-171.65,-171.65,7,stop_loss,16.86746,0.00112,2.88762,2.39901,new_york,2024
AUDUSD,1,2024-08-14 05:00:00,2024-08-14 06:00:00,0.66384,0.66238,0.66238,0.66676,1.1623,-14.6,-169.95,-169.95,1,stop_loss,26.37259,0.00097,3.43969,3.47802,tokyo,2024
AUDUSD,1,2024-08-14 14:00:00,2024-08-14 15:00:00,0.66337,0.66181,0.66181,0.66648,1.0804,-15.6,-168.24,-168.24,1,stop_loss,18.20898,0.00104,1.9969,3.53102,london,2024
AUDUSD,1,2024-08-15 03:00:00,2024-08-15 04:00:00,0.65976,0.65819,0.65819,0.6629,1.0607,-15.7,-166.56,-166.56,1,stop_loss,26.27904,0.00105,-1.19478,2.87744,tokyo,2024
AUDUSD,-1,2024-08-15 05:00:00,2024-08-15 13:00:00,0.66102,0.663,0.663,0.65706,0.8325,-19.8,-164.89,-164.89,8,stop_loss,29.55815,0.00132,0.06552,2.19293,tokyo,2024
AUDUSD,-1,2024-08-15 14:00:00,2024-08-16 00:00:00,0.66253,0.66107,0.66416,0.65927,1.001,14.6,146.15,146.14,10,time_exit,31.29526,0.00109,1.11829,2.67875,london,2024
AUDUSD,1,2024-08-16 11:00:00,2024-08-16 20:00:00,0.66325,0.66588,0.66193,0.66588,1.252,26.3,329.4,329.4,9,take_profit,23.22789,0.00088,1.66794,3.07232,london,2024
AUDUSD,-1,2024-08-19 14:00:00,2024-08-19 17:00:00,0.66899,0.67036,0.67036,0.66624,1.2239,-13.7,-168.0,-168.0,3,stop_loss,31.50637,0.00092,3.97961,4.85448,london,2024
AUDUSD,-1,2024-08-20 00:00:00,2024-08-20 01:00:00,0.67196,0.67326,0.67326,0.66937,1.2819,-13.0,-166.32,-166.32,1,stop_loss,46.79707,0.00086,6.61482,6.41927,tokyo,2024
AUDUSD,-1,2024-08-20 14:00:00,2024-08-20 17:00:00,0.67321,0.67451,0.67451,0.6706,1.2641,-13.0,-164.66,-164.66,3,stop_loss,32.34645,0.00087,4.05233,7.33018,london,2024
AUDUSD,-1,2024-08-21 16:00:00,2024-08-21 18:00:00,0.67431,0.67544,0.67544,0.67205,1.4423,-11.3,-163.0,-163.01,2,stop_loss,21.81233,0.00075,2.27309,9.0024,new_york,2024
AUDUSD,1,2024-08-21 23:00:00,2024-08-22 05:00:00,0.67423,0.67273,0.67273,0.67722,1.0786,-15.0,-161.39,-161.39,6,stop_loss,20.77728,0.001,1.18209,6.66963,,2024
AUDUSD,1,2024-08-22 06:00:00,2024-08-22 16:00:00,0.67306,0.67168,0.67168,0.67582,1.1575,-13.8,-159.77,-159.77,10,stop_loss,20.22742,0.00092,-0.30315,6.96579,tokyo,2024
AUDUSD,1,2024-08-26 00:00:00,2024-08-26 10:00:00,0.6787,0.67744,0.67699,0.68211,0.9274,-12.6,-116.85,-116.85,10,time_exit,38.77686,0.00114,4.98303,4.23692,tokyo,2024
AUDUSD,-1,2024-08-26 14:00:00,2024-08-27 00:00:00,0.67768,0.67705,0.67897,0.6751,1.2165,6.3,76.64,76.64,10,time_exit,38.59534,0.00086,2.2967,6.23936,london,2024
AUDUSD,-1,2024-08-27 14:00:00,2024-08-27 21:00:00,0.67812,0.67942,0.67942,0.67552,1.2131,-13.0,-157.76,-157.77,7,stop_loss,16.72042,0.00087,1.35321,5.81841,london,2024
AUDUSD,-1,2024-08-29 22:00:00,2024-08-30 08:00:00,0.67983,0.68047,0.68157,0.67636,0.8991,-6.4,-57.54,-57.54,10,time_exit,18.6285,0.00116,0.41174,3.69227,,2024
AUDUSD,-1,2024-09-03 01:00:00,2024-09-03 05:00:00,0.6789,0.67677,0.67996,0.67677,1.4631,21.3,311.22,311.21,4,take_profit,18.63922,0.00071,0.62399,2.83929,tokyo,2024
AUDUSD,-1,2024-09-03 18:00:00,2024-09-04 04:00:00,0.67147,0.67024,0.67322,0.66796,0.905,12.3,111.32,111.31,10,time_exit,29.73791,0.00117,-4.34005,0.32761,new_york,2024
AUDUSD,-1,2024-09-04 11:00:00,2024-09-04 16:00:00,0.67078,0.67245,0.67245,0.66744,0.9564,-16.7,-159.84,-159.84,5,stop_loss,37.52522,0.00111,-2.60756,-1.47143,london,2024
AUDUSD,-1,2024-09-05 00:00:00,2024-09-05 10:00:00,0.67245,0.67187,0.67412,0.6691,0.9459,5.8,54.86,54.86,10,time_exit,21.55024,0.00112,-0.46686,-1.69822,tokyo,2024
AUDUSD,-1,2024-09-06 03:00:00,2024-09-06 13:00:00,0.67408,0.67363,0.67536,0.67153,1.2431,4.5,55.94,55.94,10,time_exit,13.90329,0.00085,1.22204,-1.65158,tokyo,2024
AUDUSD,1,2024-09-06 16:00:00,2024-09-06 17:00:00,0.67492,0.67322,0.67322,0.67832,0.9369,-17.0,-159.35,-159.35,1,stop_loss,13.39588,0.00113,1.4892,-0.94888,new_york,2024
AUDUSD,-1,2024-09-09 05:00:00,2024-09-09 15:00:00,0.66877,0.66516,0.67079,0.66472,0.7791,36.1,281.26,281.25,10,time_exit,19.23189,0.00135,-1.64128,-1.88559,tokyo,2024
AUDUSD,-1,2024-09-10 16:00:00,2024-09-11 02:00:00,0.66646,0.66532,0.66793,0.66352,1.0927,11.4,124.57,124.57,10,time_exit,13.82069,0.00098,-0.96243,-4.0612,new_york,2024
AUDUSD,1,2024-09-11 09:00:00,2024-09-11 15:00:00,0.66591,0.66467,0.66467,0.66839,1.3063,-12.4,-161.81,-161.81,6,stop_loss,12.44942,0.00083,-0.5898,-4.894,london,2024
AUDUSD,-1,2024-09-12 13:00:00,2024-09-12 17:00:00,0.66742,0.66906,0.66906,0.66415,0.9795,-16.4,-160.19,-160.19,4,stop_loss,13.07933,0.00109,0.47436,-2.45971,london,2024
AUDUSD,-1,2024-09-12 19:00:00,2024-09-12 20:00:00,0.66954,0.67127,0.67127,0.66609,0.919,-17.3,-158.6,-158.6,1,stop_loss,10.71018,0.00115,2.01527,-1.99246,new_york,2024
AUDUSD,1,2024-09-13 09:00:00,2024-09-13 13:00:00,0.67214,0.67084,0.67084,0.67474,1.2056,-13.0,-157.01,-157.01,4,stop_loss,25.69576,0.00087,3.17316,-0.54835,london,2024
AUDUSD,1,2024-09-13 23:00:00,2024-09-16 00:00:00,0.67041,0.66899,0.66899,0.67325,1.0939,-14.2,-155.44,-155.44,1,stop_loss,14.71499,0.00095,0.3572,0.04749,,2024
AUDUSD,-1,2024-09-17 02:00:00,2024-09-17 09:00:00,0.67502,0.67619,0.67619,0.67267,1.3101,-11.7,-153.89,-153.89,7,stop_loss,25.16711,0.00078,3.35308,2.06117,tokyo,2024
AUDUSD,-1,2024-09-17 10:00:00,2024-09-17 20:00:00,0.67583,0.67528,0.67702,0.67345,1.2789,5.5,70.34,70.34,10,time_exit,20.61058,0.00079,3.42869,2.50444,london,2024
AUDUSD,-1,2024-09-17 22:00:00,2024-09-18 08:00:00,0.67594,0.67592,0.67741,0.67301,1.0445,0.2,2.09,2.09,10,time_exit,17.11908,0.00098,1.8781,2.52817,,2024
AUDUSD,-1,2024-09-18 16:00:00,2024-09-18 21:00:00,0.6777,0.67898,0.67898,0.67515,1.2001,-12.8,-153.07,-153.07,5,stop_loss,21.69204,0.00085,2.51249,3.62671,new_york,2024
AUDUSD,1,2024-09-19 00:00:00,2024-09-19 08:00:00,0.67505,0.67967,0.67274,0.67967,0.6554,46.2,303.07,303.07,8,take_profit,19.47801,0.00154,0.32297,1.98981,tokyo,2024
AUDUSD,-1,2024-09-19 08:00:00,2024-09-19 09:00:00,0.67916,0.68163,0.68163,0.67422,0.6262,-24.7,-154.56,-154.56,1,stop_loss,17.93882,0.00165,1.76838,1.885,tokyo,2024
AUDUSD,-1,2024-09-20 06:00:00,2024-09-20 16:00:00,0.68169,0.67922,0.68356,0.67795,0.8191,24.7,202.32,202.32,10,time_exit,13.34424,0.00125,1.93029,3.60499,tokyo,2024
AUDUSD,1,2024-09-23 06:00:00,2024-09-23 10:00:00,0.68216,0.68047,0.68047,0.68553,0.9197,-16.9,-155.05,-155.05,4,stop_loss,7.46575,0.00112,1.55867,3.78954,tokyo,2024
AUDUSD,1,2024-09-24 09:00:00,2024-09-24 17:00:00,0.68386,0.6877,0.68194,0.6877,0.7996,38.4,306.99,306.99,8,take_profit,14.44952,0.00128,0.96593,3.6876,london,2024
AUDUSD,-1,2024-09-27 08:00:00,2024-09-27 14:00:00,0.6878,0.68962,0.68962,0.68415,0.8589,-18.2,-156.57,-156.57,6,stop_loss,19.56324,0.00122,0.57513,3.78343,tokyo,2024
AUDUSD,1,2024-09-27 16:00:00,2024-09-27 19:00:00,0.69248,0.69039,0.69039,0.69666,0.7414,-20.9,-155.01,-155.01,3,stop_loss,17.09262,0.00139,3.46429,3.32811,new_york,2024
AUDUSD,-1,2024-09-27 19:00:00,2024-09-30 04:00:00,0.69109,0.69325,0.69325,0.68677,0.7103,-21.6,-153.46,-153.46,9,stop_loss,21.61813,0.00144,2.03806,3.38847,new_york,2024
AUDUSD,-1,2024-10-01 03:00:00,2024-10-01 04:00:00,0.69152,0.69336,0.69336,0.68783,0.8243,-18.4,-151.91,-151.92,1,stop_loss,20.80367,0.00123,0.34418,4.3858,tokyo,2024
AUDUSD,1,2024-10-01 21:00:00,2024-10-02 07:00:00,0.68844,0.68903,0.68586,0.6936,0.583,5.9,34.4,34.39,10,time_exit,29.69314,0.00172,-1.34758,2.46044,new_york,2024
AUDUSD,-1,2024-10-09 03:00:00,2024-10-09 08:00:00,0.67394,0.67568,0.67568,0.67046,0.8658,-17.4,-150.74,-150.74,5,stop_loss,38.66886,0.00116,-1.9086,-4.92302,tokyo,2024
AUDUSD,-1,2024-10-09 15:00:00,2024-10-10 01:00:00,0.67284,0.67134,0.6746,0.66933,0.8496,15.0,127.44,127.44,10,time_exit,24.66283,0.00117,-1.93552,-4.95405,london,2024
AUDUSD,1,2024-10-10 09:00:00,2024-10-10 14:00:00,0.6732,0.67164,0.67164,0.67632,0.9635,-15.6,-150.5,-150.51,5,stop_loss,20.55096,0.00104,-0.36831,-5.63454,london,2024
AUDUSD,1,2024-10-11 01:00:00,2024-10-11 11:00:00,0.67391,0.67384,0.67202,0.67769,0.7881,-0.7,-5.52,-5.52,10,time_exit,16.31551,0.00126,0.5196,-4.13962,tokyo,2024
AUDUSD,-1,2024-10-11 16:00:00,2024-10-11 17:00:00,0.67329,0.67495,0.67495,0.66997,0.8969,-16.6,-148.94,-148.94,1,stop_loss,12.94553,0.00111,-0.20418,-3.89867,new_york,2024
AUDUSD,1,2024-10-14 02:00:00,2024-10-14 12:00:00,0.67346,0.67232,0.67182,0.67675,0.897,-11.4,-102.26,-102.26,10,time_exit,18.29395,0.0011,-0.50832,-3.27314,tokyo,2024
AUDUSD,1,2024-10-15 00:00:00,2024-10-15 08:00:00,0.67224,0.67061,0.67061,0.6755,0.8997,-16.3,-146.43,-146.43,8,stop_loss,20.97437,0.00109,-0.49634,-3.15682,tokyo,2024
AUDUSD,-1,2024-10-15 10:00:00,2024-10-15 20:00:00,0.67164,0.67002,0.67318,0.66857,0.9437,16.2,152.88,152.88,10,time_exit,28.70225,0.00102,-1.14398,-3.27824,london,2024
AUDUSD,-1,2024-10-15 23:00:00,2024-10-16 03:00:00,0.67005,0.66715,0.6715,0.66715,1.0114,29.0,292.99,292.99,4,take_profit,31.03891,0.00097,-2.08658,-3.60688,,2024
AUDUSD,-1,2024-10-17 06:00:00,2024-10-17 16:00:00,0.66974,0.66905,0.67144,0.66635,0.8812,6.9,60.8,60.8,10,time_exit,40.38084,0.00113,0.49526,-3.88215,tokyo,2024
AUDUSD,-1,2024-10-18 19:00:00,2024-10-21 01:00:00,0.66991,0.67121,0.67121,0.66732,1.1576,-13.0,-150.04,-150.04,6,stop_loss,17.60663,0.00086,-0.12811,-2.83662,new_york,2024
AUDUSD,1,2024-10-21 12:00:00,2024-10-21 17:00:00,0.66911,0.66768,0.66768,0.67197,1.0405,-14.3,-148.53,-148.54,5,stop_loss,18.73358,0.00095,-1.13964,-2.05219,london,2024
AUDUSD,-1,2024-10-21 20:00:00,2024-10-22 06:00:00,0.666,0.66754,0.66754,0.66292,0.9553,-15.4,-147.05,-147.05,10,stop_loss,25.09493,0.00103,-3.43839,-2.23554,new_york,2024
AUDUSD,1,2024-10-23 00:00:00,2024-10-23 10:00:00,0.66722,0.66626,0.66599,0.66967,1.1872,-9.6,-113.97,-113.97,10,time_exit,21.72988,0.00082,-0.07991,-3.01041,tokyo,2024
AUDUSD,1,2024-10-23 21:00:00,2024-10-24 06:00:00,0.66216,0.66484,0.66082,0.66484,1.0782,26.8,288.87,288.86,9,take_profit,35.68698,0.00089,-5.01491,-3.55579,new_york,2024
AUDUSD,1,2024-10-25 05:00:00,2024-10-25 07:00:00,0.66324,0.66192,0.66192,0.66589,1.112,-13.2,-147.33,-147.33,2,stop_loss,25.23392,0.00088,-1.70738,-3.95155,tokyo,2024
AUDUSD,-1,2024-10-25 19:00:00,2024-10-28 05:00:00,0.66206,0.65974,0.66354,0.65911,0.9882,23.2,229.26,229.26,10,time_exit,22.55301,0.00098,-1.99018,-3.58818,new_york,2024
AUDUSD,1,2024-10-29 05:00:00,2024-10-29 06:00:00,0.65792,0.65666,0.65666,0.66043,1.1796,-12.6,-148.15,-148.15,1,stop_loss,35.59376,0.00084,-3.04452,-5.70232,tokyo,2024
AUDUSD,1,2024-10-30 14:00:00,2024-10-31 00:00:00,0.65781,0.65719,0.6562,0.66103,0.9101,-6.2,-56.43,-56.43,10,time_exit,26.13857,0.00107,0.48861,-5.01972,london,2024
AUDUSD,-1,2024-10-31 07:00:00,2024-10-31 17:00:00,0.65713,0.65429,0.65855,0.65429,1.03,28.4,292.21,292.21,10,take_profit,15.04969,0.00095,-0.24742,-4.76372,tokyo,2024
AUDUSD,1,2024-11-04 22:00:00,2024-11-05 08:00:00,0.65871,0.66034,0.65692,0.66229,0.8323,16.3,135.66,135.66,10,time_exit,18.35392,0.00119,0.13475,-1.30081,,2024
AUDUSD,1,2024-11-05 18:00:00,2024-11-06 02:00:00,0.66338,0.66194,0.66194,0.66627,1.0411,-14.4,-150.38,-150.38,8,stop_loss,27.5245,0.00096,3.7003,-0.38695,new_york,2024
AUDUSD,-1,2024-11-06 18:00:00,2024-11-07 04:00:00,0.65744,0.66059,0.66059,0.65115,0.4732,-31.5,-148.87,-148.87,10,stop_loss,28.62491,0.0021,-0.58407,-0.55426,new_york,2024
AUDUSD,-1,2024-11-07 11:00:00,2024-11-07 15:00:00,0.66354,0.66598,0.66598,0.65867,0.6051,-24.4,-147.38,-147.38,4,stop_loss,21.80107,0.00162,2.63557,-0.32295,london,2024
AUDUSD,1,2024-11-07 21:00:00,2024-11-08 05:00:00,0.66701,0.66472,0.66472,0.6716,0.6358,-22.9,-145.92,-145.92,8,stop_loss,32.83225,0.00153,3.59395,0.73146,new_york,2024
AUDUSD,1,2024-11-08 08:00:00,2024-11-08 10:00:00,0.66546,0.66353,0.66353,0.66933,0.7467,-19.3,-144.46,-144.46,2,stop_loss,22.95005,0.00129,1.72332,1.73368,tokyo,2024
AUDUSD,1,2024-11-11 02:00:00,2024-11-11 12:00:00,0.6584,0.65832,0.65646,0.66228,0.7367,-0.8,-5.89,-5.9,10,time_exit,42.44263,0.00129,-2.52982,0.5707,tokyo,2024
AUDUSD,1,2024-11-11 13:00:00,2024-11-11 15:00:00,0.6583,0.65661,0.65661,0.66168,0.8463,-16.9,-142.94,-142.95,2,stop_loss,38.47005,0.00113,-2.06354,-0.06278,london,2024
AUDUSD,-1,2024-11-12 07:00:00,2024-11-12 17:00:00,0.6555,0.65418,0.65703,0.65243,0.9233,13.2,121.88,121.87,10,time_exit,43.00721,0.00102,-3.16931,-1.35863,tokyo,2024
AUDUSD,-1,2024-11-13 08:00:00,2024-11-13 16:00:00,0.65328,0.65034,0.65475,0.65034,0.9701,29.4,285.48,285.48,8,take_profit,29.81665,0.00098,-2.25738,-3.25961,tokyo,2024
AUDUSD,1,2024-11-14 23:00:00,2024-11-15 09:00:00,0.64489,0.64646,0.64272,0.64922,0.6725,15.7,105.58,105.58,10,time_exit,25.36796,0.00144,-3.17997,-4.0887,,2024
AUDUSD,-1,2024-11-18 04:00:00,2024-11-18 14:00:00,0.6472,0.64519,0.6489,0.64381,0.8651,20.1,173.89,173.88,10,time_exit,25.3901,0.00113,-0.08137,-5.12277,tokyo,2024
AUDUSD,-1,2024-11-18 19:00:00,2024-11-19 04:00:00,0.64964,0.65134,0.65134,0.64625,0.875,-17.0,-148.39,-148.4,9,stop_loss,22.02222,0.00113,2.30073,-4.57339,new_york,2024
AUDUSD,1,2024-11-20 08:00:00,2024-11-20 12:00:00,0.65228,0.65078,0.65078,0.65528,0.9798,-15.0,-146.91,-146.91,4,stop_loss,16.96064,0.001,1.48261,-1.20874,tokyo,2024
AUDUSD,-1,2024-11-20 18:00:00,2024-11-20 23:00:00,0.64906,0.65065,0.65065,0.64588,0.9134,-15.9,-145.44,-145.44,5,stop_loss,20.35704,0.00106,-1.55749,-1.09514,new_york,2024
AUDUSD,-1,2024-11-25 01:00:00,2024-11-25 11:00:00,0.65325,0.65152,0.65514,0.64947,0.7617,17.3,131.77,131.77,10,time_exit,21.37762,0.00126,2.13692,-0.62139,tokyo,2024
AUDUSD,-1,2024-11-25 20:00:00,2024-11-26 02:00:00,0.64913,0.64527,0.65106,0.64527,0.7538,38.6,290.61,290.61,6,take_profit,14.4539,0.00129,-1.46062,-0.32681,new_york,2024
AUDUSD,1,2024-11-26 07:00:00,2024-11-26 16:00:00,0.64932,0.64681,0.64681,0.65434,0.5903,-25.1,-148.22,-148.22,9,stop_loss,19.64785,0.00167,-0.48658,-0.60664,tokyo,2024
AUDUSD,-1,2024-11-27 09:00:00,2024-11-27 10:00:00,0.64782,0.64966,0.64966,0.64413,0.7957,-18.4,-146.72,-146.72,1,stop_loss,14.376,0.00123,-0.48708,-1.56773,london,2024
AUDUSD,-1,2024-11-28 05:00:00,2024-11-28 15:00:00,0.65005,0.65004,0.65169,0.64677,0.8866,0.1,0.89,0.88,10,time_exit,10.26198,0.00109,0.99588,-1.07738,tokyo,2024
AUDUSD,-1,2024-11-28 18:00:00,2024-11-29 03:00:00,0.64996,0.65147,0.65147,0.64694,0.9634,-15.1,-145.26,-145.26,9,stop_loss,9.37385,0.00101,0.78679,-0.87093,new_york,2024
AUDUSD,-1,2024-11-29 19:00:00,2024-12-02 05:00:00,0.65114,0.64979,0.6527,0.64801,0.9196,13.5,124.15,124.14,10,time_exit,10.00755,0.00104,0.84703,0.03586,new_york,2024
AUDUSD,-1,2024-12-02 20:00:00,2024-12-02 22:00:00,0.64612,0.64797,0.64797,0.64242,0.784,-18.5,-145.05,-145.05,2,stop_loss,26.96666,0.00123,-2.61501,-0.53329,new_york,2024
AUDUSD,-1,2024-12-03 03:00:00,2024-12-03 10:00:00,0.64751,0.64913,0.64913,0.64428,0.888,-16.2,-143.61,-143.61,7,stop_loss,23.04164,0.00108,-1.25648,-0.8973,tokyo,2024
AUDUSD,-1,2024-12-09 11:00:00,2024-12-09 15:00:00,0.64362,0.64559,0.64559,0.63968,0.7214,-19.7,-142.17,-142.17,4,stop_loss,21.9023,0.00131,1.59928,-2.96107,london,2024
AUDUSD,1,2024-12-10 01:00:00,2024-12-10 03:00:00,0.64403,0.64225,0.64225,0.64758,0.7921,-17.8,-140.74,-140.74,2,stop_loss,29.83532,0.00118,0.88616,-2.00633,tokyo,2024
AUDUSD,1,2024-12-10 05:00:00,2024-12-10 06:00:00,0.64168,0.6399,0.6399,0.64524,0.7834,-17.8,-139.34,-139.34,1,stop_loss,25.36888,0.00119,-1.05147,-1.95341,tokyo,2024
AUDUSD,-1,2024-12-10 07:00:00,2024-12-10 17:00:00,0.63844,0.63694,0.64059,0.63414,0.6414,15.0,96.21,96.21,10,time_exit,27.96588,0.00143,-2.91169,-1.74502,tokyo,2024
AUDUSD,1,2024-12-12 00:00:00,2024-12-12 02:00:00,0.63683,0.64055,0.63497,0.64055,0.747,37.2,277.82,277.82,2,take_profit,31.15856,0.00124,-0.96833,-3.52023,tokyo,2024
AUDUSD,-1,2024-12-12 02:00:00,2024-12-12 03:00:00,0.63822,0.6401,0.6401,0.63447,0.7554,-18.8,-141.69,-141.69,1,stop_loss,28.94179,0.00125,0.07499,-3.4412,tokyo,2024
AUDUSD,-1,2024-12-13 13:00:00,2024-12-13 23:00:00,0.63712,0.63593,0.63883,0.6337,0.8192,11.9,97.48,97.48,10,time_exit,28.25119,0.00114,-0.68724,-2.90332,london,2024
AUDUSD,1,2024-12-16 04:00:00,2024-12-16 12:00:00,0.6372,0.63579,0.63579,0.64003,0.9998,-14.1,-141.24,-141.24,8,stop_loss,23.77213,0.00094,-0.01555,-3.53964,tokyo,2024
AUDUSD,-1,2024-12-17 02:00:00,2024-12-17 08:00:00,0.63766,0.63487,0.63905,0.63487,1.0037,27.9,279.67,279.67,6,take_profit,13.7588,0.00093,0.76506,-3.0717,tokyo,2024
AUDUSD,1,2024-12-17 21:00:00,2024-12-18 03:00:00,0.63396,0.6326,0.6326,0.63667,1.0521,-13.6,-142.63,-142.63,6,stop_loss,25.35769,0.0009,-2.04003,-3.49306,new_york,2024
AUDUSD,-1,2024-12-18 11:00:00,2024-12-18 15:00:00,0.63125,0.63251,0.63251,0.62873,1.1206,-12.6,-141.2,-141.2,4,stop_loss,38.42667,0.00084,-3.72402,-4.47194,london,2024
AUDUSD,-1,2024-12-20 01:00:00,2024-12-20 11:00:00,0.62345,0.62332,0.62511,0.62013,0.8416,1.3,10.94,10.94,10,time_exit,27.65562,0.00111,-3.23382,-6.42837,tokyo,2024
AUDUSD,1,2024-12-26 03:00:00,2024-12-26 10:00:00,0.62417,0.62268,0.62268,0.62715,0.9399,-14.9,-139.89,-139.89,7,stop_loss,15.79048,0.00099,0.10942,-4.84399,tokyo,2024
AUDUSD,1,2024-12-26 19:00:00,2024-12-27 00:00:00,0.62248,0.62115,0.62115,0.62514,1.042,-13.3,-138.5,-138.5,5,stop_loss,18.91105,0.00089,-1.28434,-4.99245,new_york,2024
AUDUSD,1,2024-12-27 17:00:00,2024-12-30 03:00:00,0.62106,0.62316,0.61973,0.62373,1.0272,21.0,215.71,215.71,10,time_exit,22.69354,0.00089,-1.61401,-4.83378,new_york,2024
AUDUSD,-1,2024-12-30 07:00:00,2024-12-30 16:00:00,0.62402,0.62137,0.62535,0.62137,1.0493,26.5,278.54,278.54,9,take_profit,19.67657,0.00088,1.7554,-4.23055,tokyo,2024
AUDUSD,-1,2024-12-31 00:00:00,2024-12-31 03:00:00,0.62101,0.6225,0.6225,0.61803,0.9539,-14.9,-142.05,-142.06,3,stop_loss,16.75973,0.00099,-0.44162,-3.11609,tokyo,2024
AUDUSD,1,2024-12-31 14:00:00,2024-12-31 15:00:00,0.62108,0.61962,0.61962,0.62401,0.9606,-14.6,-140.63,-140.64,1,stop_loss,14.48123,0.00098,-1.13429,-3.03053,london,2024
