symbol,entry_dt,exit_dt,entry,exit,stop_loss,take_profit,size,pnl_pips,pnl_gross,pnl,bars_held,exit_reason,adx_entry,atr_entry,ema_distance,trend_gap,session,year
GBPJPY,2019-02-22 20:00:00,2019-02-26 00:00:00,144.505,145.9718,143.7716,145.9718,0.1498,146.7,199.95,199.63,7,take_profit,31.41472,0.48893,2.02906,2.7263,new_york,2019
GBPJPY,2019-02-27 08:00:00,2019-02-27 16:00:00,146.472,147.97108,145.72246,147.97108,0.1495,149.9,203.94,203.62,2,take_profit,47.88162,0.49969,3.95227,3.68365,london,2019
GBPJPY,2019-03-01 20:00:00,2019-03-04 16:00:00,147.853,147.13777,147.13777,149.28347,0.1598,-71.5,-104.01,-104.33,5,stop_loss,52.66119,0.47682,3.9995,5.43521,new_york,2019
GBPJPY,2019-03-06 04:00:00,2019-03-07 16:00:00,146.956,146.22035,146.22035,148.42731,0.1538,-73.6,-102.96,-103.28,9,stop_loss,28.10875,0.49044,0.72952,5.50808,,2019
GBPJPY,2019-03-13 00:00:00,2019-03-13 20:00:00,145.536,148.10971,144.24914,148.10971,0.0871,257.4,203.99,203.68,5,take_profit,29.4149,0.8579,-0.68157,1.98971,,2019
GBPJPY,2019-03-18 20:00:00,2019-03-20 12:00:00,147.332,146.586,146.32469,149.34663,0.1134,-74.6,-76.98,-77.3,10,time_exit,25.55698,0.67154,0.34213,2.99451,new_york,2019
GBPJPY,2019-03-20 12:00:00,2019-03-20 16:00:00,147.555,146.81326,146.81326,149.03849,0.1529,-74.2,-103.21,-103.52,1,stop_loss,15.85962,0.4945,0.48109,3.99238,london,2019
GBPJPY,2019-03-21 12:00:00,2019-03-21 16:00:00,145.379,144.43537,144.43537,147.26625,0.119,-94.4,-102.19,-102.5,1,stop_loss,25.4218,0.62908,-2.70087,2.67485,london,2019
GBPJPY,2019-03-22 00:00:00,2019-03-25 16:00:00,145.156,145.01,144.05911,147.34977,0.1013,-14.6,-13.46,-13.78,10,time_exit,33.02773,0.73126,-2.19959,1.99213,,2019
GBPJPY,2019-03-27 08:00:00,2019-03-28 08:00:00,145.809,144.84355,144.84355,147.7399,0.115,-96.5,-101.03,-101.35,6,stop_loss,28.71095,0.64363,-0.42773,1.08293,london,2019
GBPJPY,2019-03-28 08:00:00,2019-03-28 16:00:00,145.353,144.37864,144.37864,147.30172,0.1128,-97.4,-100.02,-100.33,2,stop_loss,21.50587,0.64957,-1.02197,0.93156,london,2019
GBPJPY,2019-03-28 20:00:00,2019-04-01 12:00:00,144.43,145.503,143.3954,146.4992,0.1052,107.3,102.72,102.4,10,time_exit,22.90249,0.68973,-2.10308,0.70518,new_york,2019
GBPJPY,2019-04-04 00:00:00,2019-04-04 16:00:00,146.664,145.72937,145.72937,148.53326,0.1176,-93.5,-100.02,-100.34,4,stop_loss,18.66006,0.62309,1.47209,0.55163,,2019
GBPJPY,2019-04-04 16:00:00,2019-04-05 16:00:00,146.348,145.51795,145.51795,148.0081,0.1311,-83.0,-99.03,-99.34,6,stop_loss,17.00814,0.55337,0.80927,0.76817,new_york,2019
GBPJPY,2019-04-09 16:00:00,2019-04-11 08:00:00,145.037,145.32,144.323,146.465,0.1509,28.3,38.86,38.54,10,time_exit,18.25269,0.476,-1.54118,0.55121,new_york,2019
GBPJPY,2019-04-11 16:00:00,2019-04-12 12:00:00,145.588,146.83771,144.96315,146.83771,0.1731,125.0,196.85,196.54,5,take_profit,13.10835,0.41657,-0.00691,0.2604,new_york,2019
GBPJPY,2019-04-15 16:00:00,2019-04-16 12:00:00,146.906,146.3125,146.3125,148.093,0.1859,-59.3,-100.4,-100.72,5,stop_loss,23.50586,0.39567,2.52849,0.81561,new_york,2019
GBPJPY,2019-04-17 04:00:00,2019-04-18 08:00:00,146.198,145.67869,145.67869,147.23661,0.2103,-51.9,-99.38,-99.7,7,stop_loss,19.0379,0.3462,0.38685,1.17501,,2019
GBPJPY,2019-04-22 08:00:00,2019-04-23 00:00:00,145.434,145.06912,145.06912,146.16377,0.2963,-36.5,-98.38,-98.7,4,stop_loss,28.77723,0.24326,-1.60872,0.68688,london,2019
GBPJPY,2019-04-24 00:00:00,2019-04-25 08:00:00,144.711,144.31385,144.31385,145.5053,0.2695,-39.7,-97.4,-97.72,8,stop_loss,34.85071,0.26477,-3.3107,-0.05751,,2019
GBPJPY,2019-04-26 04:00:00,2019-04-29 20:00:00,143.979,144.419,143.53325,144.87051,0.2377,44.0,95.18,94.86,10,time_exit,34.57967,0.29717,-3.82322,-1.17502,,2019
GBPJPY,2019-05-01 20:00:00,2019-05-02 00:00:00,145.442,145.01295,145.01295,146.30009,0.2494,-42.9,-97.37,-97.69,1,stop_loss,23.94702,0.28603,1.65249,-1.26566,new_york,2019
GBPJPY,2019-05-03 04:00:00,2019-05-03 16:00:00,145.268,146.24344,144.78028,146.24344,0.2172,97.5,192.8,192.48,3,take_profit,18.92618,0.32515,0.53343,-0.75243,,2019
GBPJPY,2019-05-07 20:00:00,2019-05-08 12:00:00,144.073,143.43693,143.43693,145.34514,0.1698,-63.6,-98.28,-98.6,4,stop_loss,21.79294,0.42405,-2.4309,-0.4942,new_york,2019
GBPJPY,2019-05-08 20:00:00,2019-05-09 08:00:00,143.241,142.60945,142.60945,144.50411,0.1693,-63.2,-97.3,-97.62,3,stop_loss,32.37064,0.42104,-3.6854,-1.00837,new_york,2019
GBPJPY,2019-05-10 12:00:00,2019-05-13 12:00:00,142.859,142.18137,142.18137,144.21425,0.1562,-67.8,-96.32,-96.64,6,stop_loss,44.40394,0.45175,-2.8624,-1.86068,london,2019
GBPJPY,2019-05-13 20:00:00,2019-05-15 12:00:00,141.31,140.60675,140.60675,142.7165,0.149,-70.3,-95.35,-95.67,10,stop_loss,45.86456,0.46883,-5.10254,-2.34691,new_york,2019
GBPJPY,2019-05-15 16:00:00,2019-05-17 08:00:00,140.51,140.117,139.80449,141.92101,0.1471,-39.3,-52.61,-52.93,10,time_exit,53.09855,0.47034,-5.14372,-3.26801,new_york,2019
GBPJPY,2019-05-20 00:00:00,2019-05-21 16:00:00,140.248,141.46936,139.63732,141.46936,0.169,122.1,187.83,187.52,10,take_profit,66.77333,0.40712,-4.6577,-5.17385,,2019
GBPJPY,2019-05-23 04:00:00,2019-05-23 16:00:00,139.469,138.75933,138.75933,140.88833,0.1483,-71.0,-95.77,-96.09,3,stop_loss,35.66409,0.47311,-3.03643,-5.00948,,2019
GBPJPY,2019-05-23 20:00:00,2019-05-27 12:00:00,138.839,138.82,138.14963,140.21774,0.1511,-1.9,-2.61,-2.93,10,time_exit,35.42851,0.45958,-3.91643,-5.38014,new_york,2019
GBPJPY,2019-05-28 20:00:00,2019-05-29 08:00:00,138.748,138.13321,138.13321,139.97757,0.1694,-61.5,-94.77,-95.09,3,stop_loss,21.20863,0.40986,-2.40542,-6.54126,new_york,2019
GBPJPY,2019-05-30 04:00:00,2019-05-31 04:00:00,138.25,137.61695,137.61695,139.5161,0.1629,-63.3,-93.84,-94.16,6,stop_loss,25.49176,0.42203,-2.56219,-6.55226,,2019
GBPJPY,2019-05-31 04:00:00,2019-05-31 12:00:00,137.782,137.1686,137.1686,139.0088,0.1664,-61.3,-92.88,-93.2,2,stop_loss,25.59692,0.40893,-3.246,-6.76478,,2019
GBPJPY,2019-06-05 04:00:00,2019-06-06 20:00:00,137.379,137.567,136.82503,138.48695,0.1824,18.8,31.2,30.89,10,time_exit,35.29724,0.36932,-1.75736,-8.24063,,2019
GBPJPY,2019-06-10 20:00:00,2019-06-12 12:00:00,137.736,138.089,137.21008,138.78784,0.1928,35.3,61.93,61.61,10,time_exit,23.59898,0.35061,-0.20725,-7.36107,new_york,2019
GBPJPY,2019-06-18 12:00:00,2019-06-19 16:00:00,135.721,136.7062,135.2284,136.7062,0.2072,98.5,185.76,185.44,7,take_profit,34.91883,0.3284,-4.54048,-6.87835,london,2019
GBPJPY,2019-06-21 16:00:00,2019-06-25 08:00:00,136.096,136.647,135.47798,137.33205,0.1685,55.1,84.49,84.17,10,time_exit,17.34522,0.41202,-1.60889,-5.27598,new_york,2019
GBPJPY,2019-07-03 00:00:00,2019-07-03 08:00:00,135.835,135.21266,135.21266,137.07968,0.1688,-62.2,-95.6,-95.91,2,stop_loss,16.93961,0.41489,-1.94848,-3.41458,,2019
GBPJPY,2019-07-05 00:00:00,2019-07-08 16:00:00,135.592,136.036,135.14209,136.49181,0.2311,44.4,93.37,93.06,10,time_exit,29.1492,0.29994,-2.27551,-5.21218,,2019
GBPJPY,2019-07-10 04:00:00,2019-07-11 00:00:00,135.745,135.30444,135.30444,136.62613,0.2383,-44.1,-95.54,-95.86,5,stop_loss,21.27629,0.29371,-0.99359,-4.95978,,2019
GBPJPY,2019-07-11 08:00:00,2019-07-15 00:00:00,135.329,135.518,134.86314,136.26072,0.2231,18.9,38.37,38.05,10,time_exit,22.50114,0.31057,-1.93906,-4.6239,london,2019
GBPJPY,2019-07-15 12:00:00,2019-07-15 16:00:00,135.435,134.97293,134.97293,136.35914,0.2259,-46.2,-94.99,-95.31,1,stop_loss,14.37252,0.30805,-1.34946,-4.27787,london,2019
GBPJPY,2019-07-16 04:00:00,2019-07-16 08:00:00,135.101,134.6656,134.6656,135.97181,0.2373,-43.5,-94.02,-94.34,1,stop_loss,18.82048,0.29027,-2.1944,-4.64741,,2019
GBPJPY,2019-07-22 00:00:00,2019-07-23 16:00:00,134.666,134.554,134.18375,135.63049,0.2121,-11.2,-21.62,-21.94,10,time_exit,23.49272,0.3215,-0.98234,-4.78779,,2019
GBPJPY,2019-07-29 20:00:00,2019-07-30 04:00:00,132.992,132.41393,132.41393,134.14813,0.1765,-57.8,-92.85,-93.16,2,stop_loss,24.20709,0.38538,-4.43066,-3.37429,new_york,2019
GBPJPY,2019-08-01 16:00:00,2019-08-01 20:00:00,131.395,130.69935,130.69935,132.7863,0.1452,-69.6,-91.92,-92.24,1,stop_loss,41.41781,0.46377,-4.43263,-4.21051,new_york,2019
GBPJPY,2019-08-06 12:00:00,2019-08-07 12:00:00,129.642,128.70268,128.70268,131.52064,0.1065,-93.9,-91.03,-91.35,6,stop_loss,46.77099,0.62621,-2.88289,-4.8282,london,2019
GBPJPY,2019-08-09 12:00:00,2019-08-09 16:00:00,128.326,127.50215,127.50215,129.9737,0.1202,-82.4,-90.11,-90.43,1,stop_loss,37.04843,0.54923,-3.28272,-6.24398,london,2019
GBPJPY,2019-08-12 20:00:00,2019-08-13 16:00:00,127.214,128.91428,126.36386,128.91428,0.1153,170.0,178.4,178.08,5,take_profit,46.55048,0.56676,-3.70509,-6.62096,new_york,2019
GBPJPY,2019-08-14 00:00:00,2019-08-14 12:00:00,128.717,127.82607,127.82607,130.49886,0.1122,-89.1,-90.97,-91.28,3,stop_loss,41.2673,0.59395,-0.29356,-6.38934,,2019
GBPJPY,2019-08-15 00:00:00,2019-08-16 12:00:00,127.689,129.45512,126.80594,129.45512,0.1121,176.6,180.16,179.85,9,take_profit,29.67784,0.58871,-1.72377,-6.30267,,2019
GBPJPY,2019-08-22 00:00:00,2019-08-22 16:00:00,129.224,130.55149,128.56026,130.55149,0.1521,132.7,183.74,183.42,4,take_profit,22.55654,0.4425,0.59299,-5.8237,,2019
GBPJPY,2019-08-22 20:00:00,2019-08-23 16:00:00,130.421,129.63472,129.63472,131.99355,0.1309,-78.6,-93.66,-93.98,5,stop_loss,20.51327,0.52418,2.54718,-4.49418,new_york,2019
GBPJPY,2019-09-02 08:00:00,2019-09-02 12:00:00,129.114,128.38566,128.38566,130.57068,0.1399,-72.8,-92.72,-93.04,1,stop_loss,15.90418,0.48556,-0.69502,-2.87895,london,2019
GBPJPY,2019-09-04 08:00:00,2019-09-04 20:00:00,128.328,129.92079,127.5316,129.92079,0.1267,159.3,183.64,183.33,3,take_profit,37.16971,0.53093,-1.09646,-3.05141,london,2019
GBPJPY,2019-09-06 20:00:00,2019-09-10 12:00:00,131.304,132.726,130.47299,132.96601,0.1238,142.2,160.2,159.88,10,time_exit,29.86085,0.554,2.59251,-1.29599,new_york,2019
GBPJPY,2019-09-10 20:00:00,2019-09-12 12:00:00,132.653,132.378,131.86992,134.21916,0.1337,-27.5,-33.46,-33.78,10,time_exit,29.57653,0.52205,3.65404,-0.02829,new_york,2019
GBPJPY,2019-09-17 00:00:00,2019-09-18 16:00:00,134.328,134.991,133.52946,135.92507,0.1306,66.3,78.79,78.48,10,time_exit,21.69729,0.53236,3.23595,2.39737,,2019
GBPJPY,2019-09-27 04:00:00,2019-09-30 20:00:00,132.849,132.884,132.16765,134.2117,0.1543,3.5,4.91,4.6,10,time_exit,26.13632,0.45423,-1.6992,2.60593,,2019
GBPJPY,2019-10-01 16:00:00,2019-10-02 08:00:00,132.595,131.93917,131.93917,133.90666,0.1604,-65.6,-95.73,-96.05,4,stop_loss,22.53022,0.43722,-1.53982,1.77308,new_york,2019
GBPJPY,2019-10-10 00:00:00,2019-10-10 16:00:00,131.17,132.54432,130.48284,132.54432,0.1516,137.4,189.6,189.28,4,take_profit,33.79575,0.45811,-1.63931,-0.68826,,2019
GBPJPY,2019-10-16 00:00:00,2019-10-16 08:00:00,139.109,137.85871,137.85871,141.60959,0.085,-125.0,-96.71,-97.03,2,stop_loss,48.13195,0.83353,5.64745,1.80096,,2019
GBPJPY,2019-10-17 20:00:00,2019-10-21 12:00:00,139.437,140.997,137.94961,142.41179,0.0707,156.0,100.37,100.05,10,time_exit,46.1311,0.9916,3.3227,2.55917,new_york,2019
GBPJPY,2019-10-25 16:00:00,2019-10-29 08:00:00,139.091,139.693,138.19256,140.88788,0.1183,60.2,64.81,64.49,10,time_exit,20.58246,0.59896,0.10907,5.87529,new_york,2019
GBPJPY,2019-11-04 16:00:00,2019-11-06 08:00:00,140.056,140.399,139.55503,141.05795,0.2135,34.3,66.64,66.32,10,time_exit,9.52495,0.33398,0.80869,8.74861,new_york,2019
GBPJPY,2019-11-06 08:00:00,2019-11-06 16:00:00,140.508,140.06831,140.06831,141.38737,0.245,-44.0,-98.03,-98.35,2,stop_loss,18.43707,0.29312,1.85825,9.45573,london,2019
GBPJPY,2019-11-06 16:00:00,2019-11-06 20:00:00,140.447,140.00716,140.00716,141.32669,0.2424,-44.0,-97.02,-97.34,1,stop_loss,18.24693,0.29323,1.52888,9.35478,new_york,2019
GBPJPY,2019-11-15 08:00:00,2019-11-18 08:00:00,139.82,140.80855,139.32572,140.80855,0.2136,98.9,192.15,191.83,6,take_profit,14.72202,0.32952,-0.22441,5.36066,london,2019
GBPJPY,2019-11-20 16:00:00,2019-11-22 08:00:00,140.046,139.729,139.51894,141.10012,0.2043,-31.7,-58.93,-59.25,10,time_exit,20.22445,0.35137,-0.42828,4.68197,new_york,2019
GBPJPY,2019-11-22 20:00:00,2019-11-25 16:00:00,139.404,140.55712,138.82744,140.55712,0.1856,115.3,194.76,194.44,5,take_profit,14.30136,0.38437,-1.97752,3.69095,new_york,2019
GBPJPY,2019-11-26 20:00:00,2019-11-27 20:00:00,140.286,141.3738,139.7421,141.3738,0.2007,108.8,198.67,198.35,6,take_profit,14.65667,0.3626,0.28544,3.51182,new_york,2019
GBPJPY,2019-11-29 04:00:00,2019-12-02 20:00:00,141.32,141.025,140.8463,142.26741,0.235,-29.5,-63.09,-63.4,10,time_exit,25.46476,0.3158,2.37138,4.38387,,2019
GBPJPY,2019-12-04 16:00:00,2019-12-06 08:00:00,142.265,142.538,141.65807,143.47887,0.1823,27.3,45.29,44.97,10,time_exit,19.36163,0.40462,2.99783,3.57024,new_york,2019
GBPJPY,2019-12-06 12:00:00,2019-12-10 04:00:00,142.538,142.842,141.98044,143.65312,0.1993,30.4,55.13,54.82,10,time_exit,37.39585,0.37171,2.27364,4.70141,london,2019
GBPJPY,2019-12-13 00:00:00,2019-12-13 04:00:00,143.889,145.35259,143.15721,145.35259,0.1527,146.4,203.38,203.06,1,take_profit,17.05073,0.48786,2.84276,3.96575,,2019
GBPJPY,2019-12-13 20:00:00,2019-12-17 08:00:00,145.635,144.39995,144.39995,148.1051,0.0923,-123.5,-103.74,-104.05,9,stop_loss,23.96999,0.82337,2.74999,2.90839,new_york,2019
GBPJPY,2019-12-20 12:00:00,2019-12-23 12:00:00,142.577,141.76462,141.76462,144.20175,0.1389,-81.2,-102.68,-103.0,6,stop_loss,29.88198,0.54158,-1.89498,3.48039,london,2019
GBPJPY,2019-12-24 12:00:00,2019-12-27 04:00:00,141.424,142.388,140.74793,142.77613,0.1652,96.4,144.92,144.6,10,time_exit,33.93566,0.45071,-3.38947,2.68558,london,2019
GBPJPY,2019-12-27 08:00:00,2019-12-27 12:00:00,142.386,143.58405,141.78697,143.58405,0.1891,119.8,206.16,205.84,1,take_profit,23.3496,0.39935,-0.74456,2.24928,london,2019
GBPJPY,2019-12-30 12:00:00,2019-12-31 04:00:00,143.171,142.54483,142.54483,144.42335,0.1845,-62.6,-105.13,-105.45,4,stop_loss,19.80978,0.41745,0.82104,2.25356,london,2019
GBPJPY,2019-12-31 08:00:00,2019-12-31 16:00:00,142.589,143.79787,141.98456,143.79787,0.1892,120.9,208.13,207.82,2,take_profit,15.87316,0.40296,-0.58821,2.21551,london,2019
GBPJPY,2020-01-06 00:00:00,2020-01-06 16:00:00,141.188,142.73232,140.41584,142.73232,0.1511,154.4,212.35,212.03,4,take_profit,26.83734,0.51477,-2.61048,1.27036,,2020
GBPJPY,2020-01-09 00:00:00,2020-01-10 16:00:00,142.841,143.002,141.90544,144.71211,0.1272,16.1,18.64,18.32,10,time_exit,15.10186,0.6237,0.61281,0.70405,,2020
GBPJPY,2020-01-13 16:00:00,2020-01-15 08:00:00,142.63,142.738,141.94166,144.00667,0.1732,10.8,17.02,16.7,10,time_exit,11.95878,0.45889,-0.25191,1.13333,new_york,2020
GBPJPY,2020-01-16 20:00:00,2020-01-17 16:00:00,144.011,143.39079,143.39079,145.25141,0.1925,-62.0,-108.64,-108.96,5,stop_loss,11.9324,0.41347,2.42823,1.48385,new_york,2020
GBPJPY,2020-01-20 20:00:00,2020-01-22 12:00:00,143.234,144.33954,142.68123,144.33954,0.2138,110.6,215.09,214.77,10,take_profit,15.59609,0.36851,0.1219,1.81569,new_york,2020
GBPJPY,2020-01-22 16:00:00,2020-01-23 08:00:00,144.378,143.74248,143.74248,145.64903,0.1897,-63.6,-109.71,-110.03,4,stop_loss,16.55435,0.42368,2.5176,1.62362,new_york,2020
GBPJPY,2020-01-23 16:00:00,2020-01-24 16:00:00,143.791,143.19781,143.19781,144.97739,0.2012,-59.3,-108.61,-108.93,6,stop_loss,20.53272,0.39546,0.84428,1.90472,new_york,2020
GBPJPY,2020-01-27 20:00:00,2020-01-28 08:00:00,142.344,141.66751,141.66751,143.69698,0.1746,-67.6,-107.48,-107.8,3,stop_loss,17.70425,0.45099,-2.02018,1.13707,new_york,2020
GBPJPY,2020-01-29 20:00:00,2020-01-30 08:00:00,142.033,141.43316,141.43316,143.23268,0.195,-60.0,-106.44,-106.76,3,stop_loss,24.04917,0.39989,-1.89765,0.3199,new_york,2020
GBPJPY,2020-02-04 12:00:00,2020-02-06 04:00:00,141.991,142.714,141.23081,143.51138,0.1523,72.3,100.2,99.88,10,time_exit,22.33773,0.50679,-0.89563,-0.26662,london,2020
GBPJPY,2020-02-06 04:00:00,2020-02-07 12:00:00,142.656,141.91958,141.91958,144.12883,0.1587,-73.6,-106.35,-106.67,8,stop_loss,16.87015,0.49094,0.25061,-0.11979,,2020
GBPJPY,2020-02-12 16:00:00,2020-02-14 08:00:00,142.604,143.127,142.07789,143.65621,0.2199,52.3,104.66,104.34,10,time_exit,19.55875,0.35074,0.99962,-0.62697,new_york,2020
GBPJPY,2020-02-19 12:00:00,2020-02-20 08:00:00,143.383,144.38738,142.88081,144.38738,0.2327,100.4,212.68,212.37,5,take_profit,14.34949,0.33479,1.91512,0.44478,london,2020
GBPJPY,2020-02-21 16:00:00,2020-02-24 00:00:00,144.676,144.01945,144.01945,145.9891,0.1815,-65.7,-108.44,-108.76,2,stop_loss,32.85348,0.4377,3.10115,1.22772,new_york,2020
GBPJPY,2020-02-26 08:00:00,2020-02-26 12:00:00,143.448,142.71977,142.71977,144.90446,0.162,-72.8,-107.36,-107.67,1,stop_loss,25.79004,0.48549,0.0155,1.10143,london,2020
GBPJPY,2020-02-26 20:00:00,2020-02-27 12:00:00,142.577,141.8003,141.8003,144.1304,0.1504,-77.7,-106.3,-106.62,4,stop_loss,26.36974,0.5178,-1.52522,0.89258,new_york,2020
GBPJPY,2020-02-28 08:00:00,2020-02-28 12:00:00,140.328,139.48348,139.48348,142.01704,0.1369,-84.5,-105.21,-105.53,1,stop_loss,39.50619,0.56301,-4.48478,0.08588,london,2020
GBPJPY,2020-03-03 12:00:00,2020-03-05 04:00:00,137.988,138.273,136.78041,140.40318,0.0948,28.5,24.59,24.27,10,time_exit,55.10732,0.80506,-3.72911,-1.56524,london,2020
GBPJPY,2020-03-06 20:00:00,2020-03-09 00:00:00,137.15,136.16174,136.16174,139.12653,0.1161,-98.8,-104.41,-104.73,1,stop_loss,38.25398,0.65884,-2.95534,-3.50768,new_york,2020
GBPJPY,2020-03-09 00:00:00,2020-03-09 04:00:00,136.276,135.28279,135.28279,138.26242,0.1144,-99.3,-103.4,-103.72,1,stop_loss,37.20294,0.66214,-2.44514,-3.52997,,2020
GBPJPY,2020-03-12 04:00:00,2020-03-12 12:00:00,134.101,132.20042,132.20042,137.90215,0.0592,-190.1,-102.39,-102.71,2,stop_loss,38.10658,1.26705,-2.22705,-2.65064,,2020
GBPJPY,2020-03-17 08:00:00,2020-03-18 12:00:00,130.618,128.47303,128.47303,134.90794,0.0519,-214.5,-101.3,-101.62,7,stop_loss,33.12759,1.42998,-2.40255,-3.31466,london,2020
GBPJPY,2020-03-19 12:00:00,2020-03-20 08:00:00,125.667,130.22859,123.38621,130.22859,0.0483,456.2,200.5,200.18,5,take_profit,43.48163,1.52053,-3.82056,-3.93908,london,2020
GBPJPY,2020-03-20 08:00:00,2020-03-24 00:00:00,128.242,128.081,125.81431,133.09738,0.0463,-16.1,-6.78,-7.1,10,time_exit,36.22658,1.61846,-1.59175,-3.81767,london,2020
GBPJPY,2020-03-24 08:00:00,2020-03-25 08:00:00,128.328,132.64162,126.17119,132.64162,0.0521,431.4,204.51,204.19,6,take_profit,16.71769,1.43787,-1.16216,-4.21676,london,2020
GBPJPY,2020-03-31 08:00:00,2020-04-02 00:00:00,133.533,133.08,131.78504,137.02891,0.0655,-45.3,-27.0,-27.32,10,time_exit,27.64401,1.1653,1.33823,-2.72663,london,2020
GBPJPY,2020-04-06 12:00:00,2020-04-07 00:00:00,134.419,133.19572,133.19572,136.86557,0.0934,-122.3,-103.97,-104.29,3,stop_loss,13.34673,0.81552,1.94447,-2.34845,london,2020
GBPJPY,2020-04-08 12:00:00,2020-04-10 04:00:00,133.974,135.128,132.84714,136.22772,0.1004,115.4,105.43,105.12,10,time_exit,14.32002,0.75124,0.9085,-1.83437,london,2020
GBPJPY,2020-04-15 20:00:00,2020-04-16 16:00:00,134.629,133.79458,133.79458,136.29784,0.1369,-83.4,-103.95,-104.27,5,stop_loss,21.21175,0.55628,0.30035,-0.50176,new_york,2020
GBPJPY,2020-04-17 08:00:00,2020-04-20 20:00:00,134.621,133.86153,133.86153,136.13995,0.149,-75.9,-102.98,-103.3,9,stop_loss,20.14578,0.50632,0.30035,-0.49538,london,2020
GBPJPY,2020-04-22 12:00:00,2020-04-24 04:00:00,132.747,132.944,131.90465,134.43169,0.133,19.7,23.84,23.52,10,time_exit,40.82771,0.56156,-2.01691,-1.11713,london,2020
GBPJPY,2020-04-24 08:00:00,2020-04-28 00:00:00,132.943,133.37,132.1221,134.5848,0.1367,42.7,53.12,52.8,10,time_exit,28.69237,0.54727,-1.07312,-1.47723,london,2020
GBPJPY,2020-05-01 00:00:00,2020-05-01 08:00:00,134.904,134.04904,134.04904,136.61392,0.132,-85.5,-102.7,-103.02,2,stop_loss,19.02296,0.56997,2.9434,-1.32044,,2020
GBPJPY,2020-05-01 20:00:00,2020-05-04 08:00:00,133.612,132.72078,132.72078,135.39443,0.1253,-89.1,-101.62,-101.94,3,stop_loss,21.43568,0.59414,0.2833,-1.01661,new_york,2020
GBPJPY,2020-05-04 16:00:00,2020-05-06 08:00:00,132.779,131.93891,131.93891,134.45917,0.1316,-84.0,-100.61,-100.92,10,stop_loss,16.95671,0.56006,-1.01574,-1.15045,new_york,2020
GBPJPY,2020-05-12 20:00:00,2020-05-13 16:00:00,131.967,131.13577,131.13577,133.62946,0.1317,-83.1,-99.62,-99.94,5,stop_loss,12.96027,0.55415,-0.85982,-1.76132,new_york,2020
GBPJPY,2020-05-15 12:00:00,2020-05-15 20:00:00,130.671,129.89329,129.89329,132.22641,0.1393,-77.8,-98.58,-98.9,2,stop_loss,18.65109,0.51847,-2.06554,-2.54186,london,2020
GBPJPY,2020-05-18 04:00:00,2020-05-18 16:00:00,129.64,131.2433,128.83835,131.2433,0.1338,160.3,195.21,194.9,3,take_profit,22.975,0.53443,-3.41938,-2.75139,,2020
GBPJPY,2020-05-28 04:00:00,2020-05-29 20:00:00,132.32,133.042,131.62894,133.70212,0.1583,72.2,104.01,103.69,10,time_exit,23.27364,0.46071,1.256,-1.52018,,2020
GBPJPY,2020-06-01 00:00:00,2020-06-01 16:00:00,132.71,134.30264,131.91368,134.30264,0.1388,159.3,201.16,200.84,4,take_profit,20.27163,0.53088,1.97987,-0.84501,,2020
GBPJPY,2020-06-09 04:00:00,2020-06-09 08:00:00,137.58,136.5298,136.5298,139.68039,0.1074,-105.0,-102.64,-102.96,1,stop_loss,44.79859,0.70013,2.19933,3.22384,,2020
GBPJPY,2020-06-12 04:00:00,2020-06-12 12:00:00,133.932,135.96898,132.91351,135.96898,0.1096,203.7,203.16,202.84,2,take_profit,38.87113,0.67899,-3.12549,2.75708,,2020
GBPJPY,2020-06-12 20:00:00,2020-06-16 12:00:00,134.414,136.047,133.2644,136.7132,0.0991,163.3,147.27,146.95,10,time_exit,37.08379,0.7664,-1.93058,2.19263,new_york,2020
GBPJPY,2020-06-26 08:00:00,2020-06-26 12:00:00,133.099,132.37228,132.37228,134.55244,0.1589,-72.7,-105.08,-105.4,1,stop_loss,16.9186,0.48448,-1.0444,-0.69347,london,2020
GBPJPY,2020-06-30 12:00:00,2020-06-30 16:00:00,132.165,133.43955,131.52772,133.43955,0.1794,127.5,208.08,207.76,1,take_profit,20.77028,0.42485,-2.21194,-1.52565,london,2020
GBPJPY,2020-06-30 16:00:00,2020-06-30 20:00:00,132.377,133.63316,131.74892,133.63316,0.1857,125.6,212.27,211.96,1,take_profit,20.97625,0.41872,-1.6584,-1.58311,new_york,2020
GBPJPY,2020-07-01 00:00:00,2020-07-01 04:00:00,133.83,133.11304,133.11304,135.26393,0.1659,-71.7,-108.24,-108.56,1,stop_loss,21.19833,0.47798,1.51291,-1.28865,,2020
GBPJPY,2020-07-01 04:00:00,2020-07-01 08:00:00,133.857,133.16671,133.16671,135.23758,0.1706,-69.0,-107.16,-107.48,1,stop_loss,21.64819,0.46019,1.54316,-1.27812,,2020
GBPJPY,2020-07-02 00:00:00,2020-07-03 16:00:00,134.067,134.051,133.31891,135.56317,0.1558,-1.6,-2.27,-2.59,10,time_exit,18.67587,0.49872,1.68209,-1.00547,,2020
GBPJPY,2020-07-07 00:00:00,2020-07-07 16:00:00,134.079,135.19829,133.51936,135.19829,0.2082,111.9,212.06,211.74,4,take_profit,17.69006,0.3731,1.16823,-0.21806,,2020
GBPJPY,2020-07-09 20:00:00,2020-07-10 04:00:00,135.312,134.71597,134.71597,136.50405,0.1994,-59.6,-108.15,-108.47,2,stop_loss,29.58928,0.39735,2.30028,1.01937,new_york,2020
GBPJPY,2020-07-16 04:00:00,2020-07-17 20:00:00,134.479,134.498,133.92773,135.58155,0.2135,1.9,3.69,3.37,10,time_exit,12.50435,0.36752,-0.40549,1.23627,,2020
GBPJPY,2020-07-24 20:00:00,2020-07-28 12:00:00,135.139,135.421,134.46344,136.49012,0.1742,28.2,44.7,44.38,10,time_exit,22.08676,0.45037,-0.69135,1.85013,new_york,2020
GBPJPY,2020-07-28 12:00:00,2020-07-30 04:00:00,135.758,136.389,135.14758,136.97884,0.1936,63.1,111.17,110.85,10,time_exit,21.64905,0.40695,0.5999,1.96808,london,2020
GBPJPY,2020-07-30 16:00:00,2020-07-31 12:00:00,136.896,138.05807,136.31497,138.05807,0.2055,116.2,217.31,216.99,5,take_profit,15.68781,0.38736,2.83731,2.33454,new_york,2020
GBPJPY,2020-08-10 12:00:00,2020-08-12 04:00:00,138.555,139.028,137.97817,139.70866,0.2112,47.3,90.91,90.59,10,time_exit,20.82844,0.38455,1.72055,4.79117,london,2020
GBPJPY,2020-08-13 20:00:00,2020-08-17 12:00:00,139.791,139.21998,139.21998,140.93305,0.215,-57.1,-111.72,-112.04,10,stop_loss,37.94956,0.38068,3.05458,5.29039,new_york,2020
GBPJPY,2020-08-17 20:00:00,2020-08-19 12:00:00,138.872,139.22,138.29888,140.01823,0.2121,34.8,67.17,66.85,10,time_exit,35.5248,0.38208,-0.19291,5.2532,new_york,2020
GBPJPY,2020-08-21 20:00:00,2020-08-25 12:00:00,138.461,139.82413,137.77944,139.82413,0.1794,136.3,222.54,222.22,10,take_profit,19.98277,0.45438,-1.4091,3.7001,new_york,2020
GBPJPY,2020-08-25 16:00:00,2020-08-27 08:00:00,139.777,140.125,139.1195,141.092,0.1897,34.8,60.07,59.76,10,time_exit,19.62504,0.43833,1.78005,3.27305,new_york,2020
GBPJPY,2020-09-01 00:00:00,2020-09-02 16:00:00,141.58,141.505,140.86305,143.0139,0.1749,-7.5,-11.94,-12.26,10,time_exit,37.36263,0.47797,3.18756,3.75552,,2020
GBPJPY,2020-09-04 04:00:00,2020-09-04 16:00:00,140.924,140.21847,140.21847,142.33506,0.1775,-70.6,-113.96,-114.28,3,stop_loss,29.64421,0.47035,0.21303,4.28356,,2020
GBPJPY,2020-09-07 12:00:00,2020-09-08 08:00:00,140.087,139.33168,139.33168,141.59763,0.1642,-75.5,-112.86,-113.18,5,stop_loss,23.25461,0.50354,-1.43526,3.67797,london,2020
GBPJPY,2020-09-09 12:00:00,2020-09-10 16:00:00,137.139,136.35717,136.35717,138.70265,0.157,-78.2,-111.7,-112.02,7,stop_loss,44.58491,0.52122,-5.39291,1.95945,london,2020
GBPJPY,2020-09-11 16:00:00,2020-09-15 08:00:00,135.99,136.268,134.95958,138.05084,0.1179,27.8,29.83,29.51,10,time_exit,45.4505,0.68695,-3.94761,0.02015,new_york,2020
GBPJPY,2020-09-21 08:00:00,2020-09-21 12:00:00,135.131,134.39124,134.39124,136.61051,0.1647,-74.0,-110.87,-111.19,1,stop_loss,35.09779,0.49317,-2.68274,-2.8094,london,2020
GBPJPY,2020-09-23 04:00:00,2020-09-24 20:00:00,133.711,134.325,132.85565,135.42169,0.141,61.4,78.78,78.46,10,time_exit,46.57947,0.57023,-3.19967,-3.32116,,2020
GBPJPY,2020-09-24 20:00:00,2020-09-28 12:00:00,134.484,136.17627,133.63787,136.17627,0.1436,169.2,221.14,220.82,10,take_profit,36.59068,0.56409,-1.03191,-3.62136,new_york,2020
GBPJPY,2020-09-28 16:00:00,2020-09-30 08:00:00,135.748,135.453,134.87272,137.49857,0.1416,-29.5,-38.01,-38.33,10,time_exit,25.03171,0.58352,1.42522,-3.3154,new_york,2020
GBPJPY,2020-10-02 00:00:00,2020-10-05 16:00:00,135.924,137.261,134.99464,137.78271,0.1329,133.7,161.7,161.38,10,time_exit,26.36599,0.61957,0.86923,-1.93973,,2020
GBPJPY,2020-10-05 16:00:00,2020-10-06 20:00:00,136.896,136.03351,136.03351,138.62097,0.1452,-86.2,-113.96,-114.28,7,stop_loss,17.6769,0.57499,1.96148,-1.52744,new_york,2020
GBPJPY,2020-10-07 08:00:00,2020-10-09 00:00:00,136.256,137.085,135.46843,137.83114,0.1575,82.9,118.82,118.5,10,time_exit,18.9713,0.52505,0.31779,-1.08424,london,2020
GBPJPY,2020-10-20 04:00:00,2020-10-21 20:00:00,136.697,137.488,135.9417,138.2076,0.1659,79.1,119.42,119.1,10,time_exit,18.36295,0.50353,0.21054,-0.24403,,2020
GBPJPY,2020-10-22 12:00:00,2020-10-23 16:00:00,137.2,136.56675,136.56675,138.4665,0.2,-63.3,-115.25,-115.57,7,stop_loss,18.20944,0.42217,1.01899,0.05477,london,2020
GBPJPY,2020-10-29 16:00:00,2020-11-02 08:00:00,135.0,135.307,134.32395,136.35211,0.1854,30.7,51.8,51.48,10,time_exit,32.7939,0.4507,-2.89441,-0.69961,new_york,2020
GBPJPY,2020-11-06 12:00:00,2020-11-09 12:00:00,135.852,137.43846,135.05877,137.43846,0.1588,158.6,229.26,228.94,6,take_profit,22.76344,0.52882,-0.01477,-0.88661,london,2020
GBPJPY,2020-11-16 20:00:00,2020-11-18 12:00:00,137.963,138.01,137.15113,139.58674,0.1582,4.7,6.77,6.45,10,time_exit,25.6172,0.54125,0.34219,1.53439,new_york,2020
GBPJPY,2020-11-23 00:00:00,2020-11-23 20:00:00,137.983,139.10944,137.41978,139.10944,0.2282,112.6,233.92,233.6,5,take_profit,16.00069,0.37548,0.45828,1.73148,,2020
GBPJPY,2020-11-30 08:00:00,2020-12-01 08:00:00,138.55,139.6611,137.99445,139.6611,0.2359,111.1,238.52,238.2,6,take_profit,25.68244,0.37037,-0.48511,2.82887,london,2020
GBPJPY,2020-12-02 00:00:00,2020-12-02 12:00:00,139.954,139.26404,139.26404,141.33391,0.1938,-69.0,-121.68,-122.0,3,stop_loss,25.69796,0.45997,2.31059,2.3988,,2020
GBPJPY,2020-12-02 12:00:00,2020-12-02 16:00:00,139.705,139.01811,139.01811,141.07879,0.1927,-68.7,-120.45,-120.77,1,stop_loss,26.65839,0.45793,1.42513,2.51905,london,2020
GBPJPY,2020-12-03 20:00:00,2020-12-07 08:00:00,140.09,139.39703,139.39703,141.47594,0.1891,-69.3,-119.25,-119.57,9,stop_loss,17.22321,0.46198,1.83023,2.59931,new_york,2020
GBPJPY,2020-12-07 20:00:00,2020-12-09 12:00:00,138.968,140.185,138.10558,140.69283,0.1504,121.7,166.56,166.24,10,time_exit,19.02723,0.57494,-0.68735,1.98905,new_york,2020
GBPJPY,2020-12-09 20:00:00,2020-12-10 12:00:00,139.518,138.66547,138.66547,141.22307,0.1543,-85.3,-119.71,-120.03,4,stop_loss,14.37242,0.56836,0.29919,1.772,new_york,2020
GBPJPY,2020-12-11 04:00:00,2020-12-11 08:00:00,138.368,137.54054,137.54054,140.02292,0.1574,-82.7,-118.52,-118.84,1,stop_loss,17.99967,0.55164,-1.59152,1.54802,,2020
GBPJPY,2020-12-14 00:00:00,2020-12-15 16:00:00,138.976,139.313,138.10104,140.72592,0.1473,33.7,45.17,44.85,10,time_exit,28.43131,0.58331,-2.40711,1.01964,,2020
GBPJPY,2020-12-24 12:00:00,2020-12-28 12:00:00,140.945,140.04192,140.04192,142.75116,0.1433,-90.3,-117.76,-118.08,6,stop_loss,21.81089,0.60205,2.8987,0.84008,london,2020
GBPJPY,2020-12-28 20:00:00,2020-12-30 12:00:00,139.698,140.142,138.8321,141.4298,0.148,44.4,59.8,59.48,10,time_exit,26.92643,0.57727,0.36567,1.16146,new_york,2020
GBPJPY,2020-12-31 04:00:00,2021-01-04 16:00:00,140.703,140.01292,140.01292,142.08316,0.1866,-69.0,-117.18,-117.5,9,stop_loss,27.46037,0.46005,2.0843,1.66702,,2020
GBPJPY,2021-01-06 08:00:00,2021-01-08 00:00:00,139.952,140.803,139.35656,141.14287,0.2141,85.1,165.8,165.48,10,time_exit,26.18057,0.39696,-0.09786,1.98996,london,2021
GBPJPY,2021-01-12 16:00:00,2021-01-14 08:00:00,141.64,141.947,141.1063,142.70741,0.2423,30.7,67.69,67.37,10,time_exit,19.72791,0.3558,3.03156,2.78527,new_york,2021
GBPJPY,2021-01-14 12:00:00,2021-01-15 08:00:00,141.947,141.43742,141.43742,142.96615,0.2552,-51.0,-118.34,-118.66,5,stop_loss,31.42634,0.33972,2.74764,3.55729,london,2021
GBPJPY,2021-01-15 12:00:00,2021-01-18 00:00:00,141.398,140.89093,140.89093,142.41215,0.2539,-50.7,-117.16,-117.48,3,stop_loss,33.06807,0.33805,0.61719,3.74383,london,2021
GBPJPY,2021-01-19 12:00:00,2021-01-21 04:00:00,141.534,141.552,141.0352,142.53161,0.2555,1.8,4.19,3.87,10,time_exit,24.49289,0.33254,1.21169,3.25614,london,2021
GBPJPY,2021-01-21 20:00:00,2021-01-25 12:00:00,141.971,141.988,141.43313,143.04673,0.237,1.7,3.67,3.35,10,time_exit,23.21932,0.35858,1.6371,3.12023,new_york,2021
GBPJPY,2021-01-26 08:00:00,2021-01-27 08:00:00,141.625,142.52947,141.17277,142.52947,0.282,90.4,232.1,231.79,6,take_profit,15.50594,0.30149,-0.00606,3.74717,london,2021
GBPJPY,2021-01-27 20:00:00,2021-01-28 08:00:00,142.703,142.22556,142.22556,143.65789,0.2724,-47.7,-118.35,-118.67,3,stop_loss,13.2414,0.3183,2.67932,3.75039,new_york,2021
GBPJPY,2021-02-02 20:00:00,2021-02-04 08:00:00,143.427,142.90997,142.90997,144.46106,0.249,-51.7,-117.15,-117.47,9,stop_loss,23.73479,0.34469,1.82029,4.56606,new_york,2021
GBPJPY,2021-02-04 12:00:00,2021-02-04 16:00:00,142.951,143.86337,142.49482,143.86337,0.2794,91.2,231.97,231.65,1,take_profit,15.75931,0.30412,-0.04092,5.05925,london,2021
GBPJPY,2021-02-09 00:00:00,2021-02-09 12:00:00,144.548,144.06549,144.06549,145.51302,0.2695,-48.3,-118.33,-118.65,3,stop_loss,25.60364,0.32167,2.88499,5.66791,,2021
GBPJPY,2021-02-18 20:00:00,2021-02-22 12:00:00,147.524,147.979,146.94213,148.68774,0.2212,45.5,91.59,91.27,10,time_exit,37.69518,0.38791,4.19932,6.5001,new_york,2021
GBPJPY,2021-02-23 12:00:00,2021-02-24 00:00:00,148.32,149.45392,147.75304,149.45392,0.2288,113.4,236.09,235.77,3,take_profit,32.78425,0.37797,3.93687,7.39802,london,2021
GBPJPY,2021-02-25 04:00:00,2021-02-25 20:00:00,149.917,149.21362,149.21362,151.32376,0.1881,-70.3,-120.4,-120.72,4,stop_loss,41.09737,0.46892,4.8583,6.62803,,2021
GBPJPY,2021-02-26 20:00:00,2021-03-02 12:00:00,148.719,148.74,147.74794,150.66111,0.1349,2.1,2.58,2.26,10,time_exit,32.63234,0.64737,0.95888,4.84089,new_york,2021
GBPJPY,2021-03-02 12:00:00,2021-03-04 04:00:00,148.214,149.401,147.34704,149.94792,0.1511,118.7,163.21,162.9,10,time_exit,18.58529,0.57797,-0.09882,5.11644,london,2021
GBPJPY,2021-03-10 12:00:00,2021-03-12 04:00:00,151.152,151.975,150.47236,152.51128,0.1954,82.3,146.34,146.02,10,time_exit,41.18426,0.45309,2.99396,6.71574,london,2021
GBPJPY,2021-03-12 20:00:00,2021-03-16 08:00:00,151.803,151.15343,151.15343,153.10215,0.2069,-65.0,-122.3,-122.62,9,stop_loss,52.46202,0.43305,2.91022,7.32117,new_york,2021
GBPJPY,2021-03-16 12:00:00,2021-03-18 00:00:00,150.934,152.11485,150.34357,152.11485,0.2253,118.1,242.1,241.78,9,take_profit,36.03724,0.39362,0.04141,7.95856,london,2021
GBPJPY,2021-03-22 20:00:00,2021-03-23 12:00:00,150.681,150.01777,150.01777,152.00747,0.2046,-66.3,-123.48,-123.8,4,stop_loss,28.98476,0.44216,-1.18225,5.83659,new_york,2021
GBPJPY,2021-03-24 16:00:00,2021-03-26 08:00:00,149.093,150.54902,148.36499,150.54902,0.1845,145.6,244.46,244.14,10,take_profit,45.58212,0.48534,-3.18824,3.93115,new_york,2021
GBPJPY,2021-03-29 12:00:00,2021-03-31 04:00:00,151.402,152.169,150.65243,152.90113,0.1828,76.7,127.59,127.27,10,time_exit,32.2569,0.49971,1.80015,3.06807,london,2021
GBPJPY,2021-04-14 08:00:00,2021-04-16 00:00:00,150.017,149.748,149.34768,151.35564,0.2068,-26.9,-50.62,-50.94,10,time_exit,41.40147,0.44621,-1.9141,1.49157,london,2021
GBPJPY,2021-04-20 12:00:00,2021-04-20 16:00:00,151.67,151.02612,151.02612,152.95776,0.2141,-64.4,-125.45,-125.77,1,stop_loss,23.26504,0.42925,2.41502,0.89865,london,2021
GBPJPY,2021-04-26 16:00:00,2021-04-27 20:00:00,149.88,151.15723,149.24139,151.15723,0.2137,127.7,248.38,248.06,7,take_profit,21.73199,0.42574,-0.81587,0.03965,new_york,2021
GBPJPY,2021-04-29 04:00:00,2021-04-30 20:00:00,151.443,150.89088,150.89088,152.54725,0.2521,-55.2,-126.66,-126.98,10,stop_loss,23.66598,0.36808,2.43187,0.66328,,2021
GBPJPY,2021-05-05 16:00:00,2021-05-06 12:00:00,152.024,151.43982,151.43982,153.19235,0.2359,-58.4,-125.4,-125.72,5,stop_loss,22.38434,0.38945,1.84084,1.74039,new_york,2021
GBPJPY,2021-05-10 08:00:00,2021-05-10 20:00:00,152.677,153.95292,152.03904,153.95292,0.2139,127.6,248.36,248.04,3,take_profit,17.17929,0.42531,2.54011,1.83289,london,2021
GBPJPY,2021-05-13 20:00:00,2021-05-17 12:00:00,153.653,153.947,153.04118,154.87663,0.2275,29.4,60.87,60.55,10,time_exit,28.47139,0.40788,1.92596,3.63489,new_york,2021
GBPJPY,2021-05-21 12:00:00,2021-05-24 08:00:00,154.316,153.8197,153.8197,155.3086,0.2817,-49.6,-127.22,-127.54,5,stop_loss,23.1966,0.33087,1.23777,5.12445,london,2021
GBPJPY,2021-05-25 12:00:00,2021-05-25 16:00:00,154.252,153.82789,153.82789,155.10021,0.3264,-42.4,-125.97,-126.29,1,stop_loss,24.45227,0.28274,0.93099,5.50988,london,2021
GBPJPY,2021-05-27 20:00:00,2021-05-31 12:00:00,155.78,155.502,155.21605,156.9079,0.243,-27.8,-61.47,-61.79,10,time_exit,20.78445,0.37597,4.4606,3.83394,new_york,2021
GBPJPY,2021-06-01 12:00:00,2021-06-01 16:00:00,155.485,155.0117,155.0117,156.4316,0.2881,-47.3,-124.09,-124.4,1,stop_loss,24.51786,0.31553,1.96574,5.54376,london,2021
GBPJPY,2021-06-01 20:00:00,2021-06-03 12:00:00,154.97,155.671,154.4803,155.94941,0.2757,70.1,175.87,175.55,10,time_exit,22.51271,0.32647,0.2713,5.29432,new_york,2021
GBPJPY,2021-06-09 04:00:00,2021-06-09 16:00:00,154.973,154.5418,154.5418,155.8354,0.3175,-43.1,-124.58,-124.9,3,stop_loss,20.4583,0.28747,-0.26007,4.67303,,2021
GBPJPY,2021-06-10 12:00:00,2021-06-10 16:00:00,154.246,155.1434,153.7973,155.1434,0.3021,89.7,246.71,246.39,1,take_profit,22.03259,0.29913,-2.37299,3.92044,london,2021
GBPJPY,2021-06-16 12:00:00,2021-06-17 08:00:00,155.051,154.60505,154.60505,155.9429,0.31,-44.6,-125.8,-126.12,5,stop_loss,20.2861,0.2973,0.16663,3.20594,london,2021
GBPJPY,2021-06-29 04:00:00,2021-06-30 20:00:00,153.228,153.68,152.59337,154.49727,0.2157,45.2,88.72,88.4,10,time_exit,23.03995,0.42309,-1.99766,0.20376,,2021
GBPJPY,2021-07-01 08:00:00,2021-07-05 00:00:00,153.51,153.625,152.93197,154.66606,0.2385,11.5,24.96,24.64,10,time_exit,25.15903,0.38535,-0.5529,-0.43371,london,2021
GBPJPY,2021-07-09 16:00:00,2021-07-13 08:00:00,152.215,152.953,151.49307,153.65887,0.1913,73.8,128.47,128.15,10,time_exit,32.78441,0.48129,-1.2077,-1.54371,new_york,2021
GBPJPY,2021-07-19 12:00:00,2021-07-19 16:00:00,150.465,149.71133,149.71133,151.97235,0.1851,-75.4,-126.95,-127.27,1,stop_loss,18.4739,0.50245,-3.74968,-1.68773,london,2021
GBPJPY,2021-07-21 00:00:00,2021-07-22 08:00:00,149.583,151.38963,148.67969,151.38963,0.1529,180.7,251.37,251.05,8,take_profit,35.86014,0.60221,-3.01115,-2.26503,,2021
GBPJPY,2021-07-22 12:00:00,2021-07-26 04:00:00,151.397,151.755,150.54882,153.09336,0.1661,35.8,54.11,53.79,10,time_exit,28.15908,0.56545,0.22368,-2.52551,london,2021
GBPJPY,2021-07-30 12:00:00,2021-07-30 16:00:00,153.037,152.45028,152.45028,154.21043,0.2411,-58.7,-128.73,-129.04,1,stop_loss,16.11061,0.39114,2.10652,-0.98649,london,2021
GBPJPY,2021-08-05 08:00:00,2021-08-09 00:00:00,152.332,152.825,151.71919,153.55762,0.2285,49.3,102.51,102.19,10,time_exit,14.69164,0.40854,0.5162,-0.91115,london,2021
GBPJPY,2021-08-16 00:00:00,2021-08-16 08:00:00,151.879,151.43856,151.43856,152.75988,0.3205,-44.0,-128.46,-128.77,2,stop_loss,28.47658,0.29363,-2.07019,0.08154,,2021
GBPJPY,2021-08-18 16:00:00,2021-08-19 08:00:00,151.248,150.69429,150.69429,152.35541,0.2524,-55.4,-127.18,-127.5,4,stop_loss,50.54605,0.36914,-1.64945,-1.37447,new_york,2021
GBPJPY,2021-08-19 12:00:00,2021-08-20 08:00:00,149.902,149.27645,149.27645,151.15311,0.2212,-62.6,-125.92,-126.24,5,stop_loss,41.71381,0.41704,-4.23868,-1.48185,london,2021
GBPJPY,2021-08-20 16:00:00,2021-08-23 12:00:00,149.35,150.60518,148.72241,150.60518,0.2183,125.5,249.35,249.03,5,take_profit,47.47875,0.41839,-4.36976,-2.22699,new_york,2021
GBPJPY,2021-08-25 04:00:00,2021-08-26 20:00:00,150.666,150.802,150.05367,151.89065,0.2282,13.6,28.24,27.92,10,time_exit,25.69788,0.40822,-0.35073,-2.58294,,2021
GBPJPY,2021-09-02 00:00:00,2021-09-03 16:00:00,151.4,152.109,150.94099,152.31801,0.305,70.9,196.78,196.46,10,time_exit,28.71754,0.306,1.16304,-1.7035,,2021
GBPJPY,2021-09-10 20:00:00,2021-09-14 12:00:00,152.289,152.759,151.81355,153.2399,0.299,47.0,127.88,127.56,10,time_exit,21.72455,0.31697,1.47722,0.17814,new_york,2021
GBPJPY,2021-09-16 20:00:00,2021-09-20 04:00:00,151.242,150.68086,150.68086,152.36428,0.2559,-56.1,-130.67,-130.99,8,stop_loss,21.89677,0.37409,-1.29378,-0.0937,new_york,2021
GBPJPY,2021-09-20 12:00:00,2021-09-20 16:00:00,149.979,149.35372,149.35372,151.22957,0.2273,-62.5,-129.34,-129.65,1,stop_loss,21.69903,0.41686,-3.71892,-0.42868,london,2021
GBPJPY,2021-09-21 12:00:00,2021-09-21 16:00:00,149.923,149.24436,149.24436,151.28028,0.2073,-67.9,-128.02,-128.34,1,stop_loss,31.05833,0.45243,-2.63832,-1.02601,london,2021
GBPJPY,2021-09-28 16:00:00,2021-09-29 08:00:00,151.107,150.38434,150.38434,152.55233,0.1928,-72.3,-126.79,-127.11,4,stop_loss,32.99267,0.48178,-0.06048,-0.55057,new_york,2021
GBPJPY,2021-10-01 12:00:00,2021-10-04 12:00:00,149.706,151.18088,148.96856,151.18088,0.187,147.5,250.98,250.66,6,take_profit,24.22458,0.49163,-2.05845,-1.0446,london,2021
GBPJPY,2021-10-04 12:00:00,2021-10-06 04:00:00,150.785,152.049,150.04517,152.26466,0.1901,126.4,218.66,218.34,10,time_exit,17.92273,0.49322,0.23112,-1.0507,london,2021
GBPJPY,2021-10-06 16:00:00,2021-10-08 08:00:00,151.24,152.264,150.52795,152.6641,0.2009,102.4,187.21,186.89,10,time_exit,23.53394,0.4747,0.53685,-0.48861,new_york,2021
GBPJPY,2021-10-11 20:00:00,2021-10-13 12:00:00,154.348,154.522,153.65109,155.74183,0.2082,17.4,32.97,32.65,10,time_exit,32.18516,0.46461,5.34971,0.92306,new_york,2021
GBPJPY,2021-10-15 00:00:00,2021-10-15 08:00:00,155.412,156.66176,154.78712,156.66176,0.2328,125.0,264.76,264.44,2,take_profit,48.77892,0.41659,4.8172,3.43727,,2021
GBPJPY,2021-10-19 12:00:00,2021-10-21 04:00:00,157.174,157.621,156.56485,158.39231,0.2436,44.7,99.09,98.77,10,time_exit,58.41696,0.4061,5.34609,5.70824,london,2021
GBPJPY,2021-10-21 04:00:00,2021-10-21 08:00:00,158.011,157.31658,157.31658,159.39983,0.2152,-69.4,-135.99,-136.31,1,stop_loss,52.43016,0.46294,4.46964,5.97402,,2021
GBPJPY,2021-10-29 08:00:00,2021-10-29 16:00:00,156.666,155.96102,155.96102,158.07595,0.2099,-70.5,-134.66,-134.98,2,stop_loss,14.88019,0.46998,0.36684,4.72667,london,2021
GBPJPY,2021-11-01 00:00:00,2021-11-02 04:00:00,155.949,155.20752,155.20752,157.43195,0.1976,-74.1,-133.33,-133.65,7,stop_loss,13.63147,0.49432,-0.73971,4.28156,,2021
GBPJPY,2021-11-08 12:00:00,2021-11-10 04:00:00,152.958,152.971,152.17622,154.52157,0.1855,1.3,2.19,1.88,10,time_exit,36.11685,0.52119,-3.81218,0.95885,london,2021
GBPJPY,2021-11-10 20:00:00,2021-11-11 00:00:00,153.331,152.65453,152.65453,154.68395,0.2144,-67.6,-131.98,-132.3,1,stop_loss,36.59288,0.45098,-1.94475,-0.1764,new_york,2021
GBPJPY,2021-11-16 08:00:00,2021-11-17 00:00:00,153.154,154.23347,152.61426,154.23347,0.266,107.9,261.3,260.98,4,take_profit,22.12877,0.35982,-0.83338,-1.56287,london,2021
GBPJPY,2021-11-22 00:00:00,2021-11-23 16:00:00,153.249,153.796,152.56095,154.6251,0.2128,54.7,105.93,105.61,10,time_exit,28.70912,0.4587,-0.90349,-0.65138,,2021
GBPJPY,2021-11-25 00:00:00,2021-11-26 00:00:00,153.794,153.18992,153.18992,155.00217,0.2444,-60.4,-134.35,-134.67,6,stop_loss,15.99769,0.40272,0.21331,-0.56978,,2021
GBPJPY,2021-12-03 20:00:00,2021-12-07 12:00:00,149.348,150.47,148.44214,151.15972,0.1613,112.2,164.69,164.37,10,time_exit,34.9143,0.60391,-3.51238,-2.60979,new_york,2021
GBPJPY,2021-12-10 00:00:00,2021-12-13 16:00:00,150.028,149.925,149.30678,151.47044,0.2051,-10.3,-19.22,-19.54,10,time_exit,25.97327,0.48081,-1.43684,-3.63445,,2021
GBPJPY,2021-12-16 16:00:00,2021-12-16 20:00:00,152.429,151.69181,151.69181,153.90339,0.2004,-73.7,-134.44,-134.76,1,stop_loss,21.9776,0.49146,3.5384,-2.60814,new_york,2021
GBPJPY,2021-12-27 16:00:00,2021-12-29 08:00:00,154.055,154.261,153.49287,155.17925,0.2602,20.6,48.78,48.46,10,time_exit,40.26262,0.37475,5.34681,0.22856,new_york,2021
GBPJPY,2021-12-29 08:00:00,2021-12-30 00:00:00,154.276,155.23922,153.79439,155.23922,0.3048,96.3,267.17,266.85,4,take_profit,43.06315,0.32107,4.61535,1.87206,london,2021
GBPJPY,2021-12-31 08:00:00,2022-01-04 00:00:00,155.333,155.586,154.84844,156.30213,0.3089,25.3,71.12,70.8,10,time_exit,50.30847,0.32304,5.09304,3.60503,london,2021
GBPJPY,2022-01-04 12:00:00,2022-01-05 20:00:00,156.494,157.66486,155.90857,157.66486,0.257,117.1,273.83,273.51,8,take_profit,38.22289,0.39029,5.14266,4.07099,london,2022
GBPJPY,2022-01-06 16:00:00,2022-01-10 08:00:00,156.661,157.105,155.9624,158.05819,0.2197,44.4,88.77,88.45,10,time_exit,34.37888,0.46573,2.48971,4.50603,new_york,2022
GBPJPY,2022-01-11 12:00:00,2022-01-13 04:00:00,157.016,157.055,156.37294,158.30212,0.2402,3.9,8.52,8.21,10,time_exit,19.02365,0.42871,2.00465,5.16349,london,2022
GBPJPY,2022-01-21 20:00:00,2022-01-24 12:00:00,154.064,153.41137,153.41137,155.36925,0.2368,-65.3,-140.63,-140.95,4,stop_loss,25.61188,0.43508,-4.00769,2.36951,new_york,2022
GBPJPY,2022-01-25 12:00:00,2022-01-27 04:00:00,153.776,154.023,153.04514,155.23771,0.2093,24.7,47.04,46.73,10,time_exit,38.4993,0.48724,-2.72724,0.8846,london,2022
GBPJPY,2022-02-01 00:00:00,2022-02-02 16:00:00,154.681,155.229,153.96988,156.10323,0.2159,54.8,107.67,107.35,10,time_exit,13.88655,0.47408,0.21169,0.19919,,2022
GBPJPY,2022-02-04 00:00:00,2022-02-04 12:00:00,156.292,155.63414,155.63414,157.60773,0.2351,-65.8,-140.74,-141.06,3,stop_loss,17.26423,0.43858,3.03838,0.70776,,2022
GBPJPY,2022-02-10 16:00:00,2022-02-11 08:00:00,157.367,156.7898,156.7898,158.5214,0.2653,-57.7,-139.35,-139.67,4,stop_loss,23.0015,0.3848,3.79353,2.1214,new_york,2022
GBPJPY,2022-02-11 16:00:00,2022-02-11 20:00:00,157.358,156.71171,156.71171,158.65058,0.2346,-64.6,-137.97,-138.29,1,stop_loss,30.85406,0.43086,2.63698,2.30075,new_york,2022
GBPJPY,2022-02-14 00:00:00,2022-02-14 08:00:00,156.322,155.51568,155.51568,157.93464,0.1861,-80.6,-136.55,-136.87,2,stop_loss,29.95241,0.53755,0.56225,1.89977,,2022
GBPJPY,2022-02-17 16:00:00,2022-02-21 08:00:00,156.443,156.625,155.67455,157.9799,0.1934,18.2,32.03,31.71,10,time_exit,21.03112,0.5123,0.0286,1.79291,new_york,2022
GBPJPY,2022-02-23 08:00:00,2022-02-23 20:00:00,156.374,155.73802,155.73802,157.64596,0.2342,-63.6,-135.54,-135.86,3,stop_loss,29.71218,0.42399,0.00536,1.63497,london,2022
GBPJPY,2022-02-25 12:00:00,2022-02-28 00:00:00,154.236,153.39819,153.39819,155.91162,0.176,-83.8,-134.18,-134.5,3,stop_loss,38.26837,0.55854,-2.7569,0.32642,london,2022
GBPJPY,2022-02-28 20:00:00,2022-03-01 16:00:00,154.141,153.2454,153.2454,155.93219,0.163,-89.6,-132.84,-133.16,5,stop_loss,38.62277,0.59706,-2.19103,-0.11454,new_york,2022
GBPJPY,2022-03-04 00:00:00,2022-03-04 12:00:00,153.979,153.15877,153.15877,155.61947,0.1762,-82.0,-131.52,-131.84,3,stop_loss,24.58876,0.54682,-1.15134,-0.94257,,2022
GBPJPY,2022-03-04 12:00:00,2022-03-04 16:00:00,153.553,152.7334,152.7334,155.19221,0.1745,-82.0,-130.15,-130.47,1,stop_loss,24.09847,0.5464,-2.01709,-1.05149,london,2022
GBPJPY,2022-03-04 16:00:00,2022-03-04 20:00:00,152.707,151.82572,151.82572,154.46955,0.1607,-88.1,-128.88,-129.19,1,stop_loss,25.3537,0.58752,-3.18586,-1.06521,new_york,2022
GBPJPY,2022-03-07 16:00:00,2022-03-09 08:00:00,151.883,152.357,150.87278,153.90345,0.1388,47.4,59.87,59.55,10,time_exit,36.52437,0.67348,-3.11862,-1.51811,new_york,2022
GBPJPY,2022-03-16 00:00:00,2022-03-16 20:00:00,154.259,155.90047,153.43826,155.90047,0.1716,164.1,256.33,256.01,5,take_profit,30.4732,0.54716,1.78864,-1.87088,,2022
GBPJPY,2022-03-22 20:00:00,2022-03-23 12:00:00,159.934,159.04237,159.04237,161.71726,0.1611,-89.2,-130.71,-131.03,4,stop_loss,48.46461,0.59442,6.87908,1.55751,new_york,2022
GBPJPY,2022-03-24 04:00:00,2022-03-25 20:00:00,159.677,160.938,158.68691,161.65719,0.1436,126.1,164.78,164.46,10,time_exit,48.0648,0.66006,4.08,2.53692,,2022
GBPJPY,2022-03-29 04:00:00,2022-03-29 16:00:00,162.369,160.86258,160.86258,165.38184,0.0956,-150.6,-131.05,-131.37,3,stop_loss,41.57375,1.00428,3.11822,2.9323,,2022
GBPJPY,2022-04-04 12:00:00,2022-04-06 04:00:00,160.824,161.893,159.74711,162.97779,0.1324,106.9,128.8,128.48,10,time_exit,19.28047,0.71793,1.03829,3.91821,london,2022
GBPJPY,2022-04-06 04:00:00,2022-04-07 20:00:00,161.786,162.079,160.8913,163.57539,0.161,29.3,42.93,42.61,10,time_exit,25.10663,0.59646,2.23703,4.71485,,2022
GBPJPY,2022-04-08 08:00:00,2022-04-11 12:00:00,161.921,163.49041,161.13629,163.49041,0.1841,156.9,262.92,262.61,7,take_profit,27.69174,0.52314,1.7016,5.4982,london,2022
GBPJPY,2022-04-12 08:00:00,2022-04-13 20:00:00,163.28,164.74564,162.54718,164.74564,0.2011,146.6,268.21,267.9,9,take_profit,33.70683,0.48855,3.18377,6.23587,london,2022
GBPJPY,2022-04-14 04:00:00,2022-04-15 20:00:00,164.61,165.076,163.82434,166.18133,0.1913,46.6,81.12,80.8,10,time_exit,35.16635,0.52378,4.13705,6.19041,,2022
GBPJPY,2022-04-19 08:00:00,2022-04-20 00:00:00,166.569,167.99651,165.85524,167.99651,0.2118,142.8,275.14,274.82,4,take_profit,43.46698,0.47584,5.67954,7.67464,london,2022
GBPJPY,2022-04-22 00:00:00,2022-04-22 08:00:00,167.199,166.24945,166.24945,169.0981,0.1624,-95.0,-140.33,-140.65,2,stop_loss,46.40362,0.63303,2.72803,6.70737,,2022
GBPJPY,2022-05-03 16:00:00,2022-05-04 20:00:00,163.096,162.03302,162.03302,165.22196,0.1436,-106.3,-138.91,-139.22,7,stop_loss,20.96503,0.70865,-0.27764,1.96928,new_york,2022
GBPJPY,2022-05-06 00:00:00,2022-05-09 16:00:00,160.86,160.887,159.66404,163.25192,0.1264,2.7,3.11,2.79,10,time_exit,20.41328,0.79731,-2.46373,1.09299,,2022
GBPJPY,2022-05-19 08:00:00,2022-05-19 12:00:00,159.57,158.10466,158.10466,162.50069,0.1032,-146.5,-137.61,-137.93,1,stop_loss,20.48724,0.9769,-0.28187,-1.11707,london,2022
GBPJPY,2022-05-24 20:00:00,2022-05-26 12:00:00,158.648,159.784,157.26419,161.41561,0.1081,113.6,111.75,111.43,10,time_exit,14.37479,0.92254,-1.19847,-1.0136,new_york,2022
GBPJPY,2022-05-27 08:00:00,2022-05-31 00:00:00,160.449,161.67,159.26348,162.82005,0.1273,122.1,141.44,141.13,10,time_exit,10.64422,0.79035,0.85723,-0.9961,london,2022
GBPJPY,2022-05-31 00:00:00,2022-06-01 08:00:00,161.395,163.19329,160.49585,163.19329,0.1695,179.8,277.38,277.06,8,take_profit,11.88701,0.59943,2.17277,-0.78154,,2022
GBPJPY,2022-06-01 12:00:00,2022-06-03 04:00:00,162.844,163.221,161.95098,164.63003,0.1741,37.7,59.73,59.41,10,time_exit,25.76397,0.59534,3.58505,0.00488,london,2022
GBPJPY,2022-06-03 20:00:00,2022-06-06 04:00:00,163.703,162.94918,162.94918,165.21064,0.2071,-75.4,-142.07,-142.38,2,stop_loss,35.73526,0.50255,3.9688,1.40033,new_york,2022
GBPJPY,2022-06-06 20:00:00,2022-06-07 16:00:00,165.114,166.85017,164.24592,166.85017,0.178,173.6,281.22,280.91,5,take_profit,38.76291,0.57872,5.04184,1.76111,new_york,2022
GBPJPY,2022-06-09 08:00:00,2022-06-09 12:00:00,168.101,167.17091,167.17091,169.96118,0.1695,-93.0,-143.46,-143.78,1,stop_loss,59.58822,0.62006,5.85955,3.97982,london,2022
GBPJPY,2022-06-13 08:00:00,2022-06-13 12:00:00,165.888,164.77216,164.77216,168.11968,0.1399,-111.6,-142.06,-142.38,1,stop_loss,36.29041,0.74389,0.78119,3.71943,london,2022
GBPJPY,2022-06-13 12:00:00,2022-06-13 16:00:00,164.146,162.9064,162.9064,166.6252,0.1246,-124.0,-140.55,-140.87,1,stop_loss,35.79408,0.8264,-1.34849,3.2737,london,2022
GBPJPY,2022-06-21 04:00:00,2022-06-22 20:00:00,165.76,167.045,164.35778,168.56444,0.1091,128.5,127.58,127.26,10,time_exit,17.58814,0.93481,1.47089,1.5774,,2022
GBPJPY,2022-06-28 16:00:00,2022-06-30 08:00:00,166.429,165.32592,165.32592,168.63516,0.1399,-110.3,-140.43,-140.75,10,stop_loss,13.05703,0.73539,1.06593,2.4787,new_york,2022
GBPJPY,2022-06-30 08:00:00,2022-07-01 04:00:00,165.598,164.68249,164.68249,167.42901,0.1669,-91.6,-139.05,-139.36,5,stop_loss,11.95741,0.61034,-0.1448,2.7485,london,2022
GBPJPY,2022-07-01 20:00:00,2022-07-05 12:00:00,162.951,162.597,161.67737,165.49826,0.1188,-35.4,-38.27,-38.59,10,time_exit,27.10105,0.84909,-2.71009,1.43652,new_york,2022
GBPJPY,2022-07-08 12:00:00,2022-07-12 04:00:00,161.994,162.886,160.60956,164.76289,0.109,89.2,88.48,88.16,10,time_exit,26.32041,0.92296,-1.75436,-0.16315,london,2022
GBPJPY,2022-07-14 04:00:00,2022-07-15 20:00:00,163.541,164.403,162.42814,165.76672,0.1364,86.2,106.99,106.68,10,time_exit,15.75225,0.74191,0.19947,-0.37358,,2022
GBPJPY,2022-07-20 04:00:00,2022-07-21 16:00:00,166.005,165.08532,165.08532,167.84436,0.1663,-92.0,-139.18,-139.5,9,stop_loss,28.10354,0.61312,2.70586,0.70648,,2022
GBPJPY,2022-07-21 20:00:00,2022-07-22 12:00:00,164.861,163.85276,163.85276,166.87747,0.1502,-100.8,-137.81,-138.13,4,stop_loss,25.78094,0.67216,0.14459,1.02324,new_york,2022
GBPJPY,2022-07-22 12:00:00,2022-07-22 16:00:00,164.553,163.5495,163.5495,166.56,0.1494,-100.3,-136.43,-136.75,1,stop_loss,23.19282,0.669,-0.3003,0.97894,london,2022
GBPJPY,2022-07-27 12:00:00,2022-07-28 12:00:00,164.981,164.01953,164.01953,166.90395,0.1544,-96.1,-135.09,-135.41,6,stop_loss,15.62063,0.64098,0.65532,0.66696,london,2022
GBPJPY,2022-08-01 12:00:00,2022-08-02 00:00:00,161.864,160.69184,160.69184,164.20831,0.1254,-117.2,-133.76,-134.08,3,stop_loss,29.67219,0.78144,-2.53035,-0.21128,london,2022
GBPJPY,2022-08-08 00:00:00,2022-08-09 16:00:00,162.954,163.16,161.62059,165.62082,0.1091,20.6,20.45,20.13,10,time_exit,18.82931,0.88894,0.41957,-1.00972,,2022
GBPJPY,2022-08-17 20:00:00,2022-08-18 16:00:00,163.023,162.08063,162.08063,164.90774,0.1546,-94.2,-132.58,-132.9,5,stop_loss,28.58669,0.62825,1.26207,-1.30296,new_york,2022
GBPJPY,2022-08-23 04:00:00,2022-08-24 20:00:00,161.597,161.707,160.72408,163.34285,0.1652,11.0,16.54,16.22,10,time_exit,14.29756,0.58195,-0.97252,-1.23674,,2022
GBPJPY,2022-09-01 20:00:00,2022-09-05 00:00:00,161.522,160.78237,160.78237,163.00127,0.1952,-74.0,-131.38,-131.7,7,stop_loss,16.96977,0.49309,-0.45249,-1.40213,new_york,2022
GBPJPY,2022-09-05 04:00:00,2022-09-06 00:00:00,161.069,162.55234,160.32733,162.55234,0.1928,148.3,260.25,259.93,5,take_profit,14.94848,0.49445,-1.3731,-1.2894,,2022
GBPJPY,2022-09-06 12:00:00,2022-09-07 08:00:00,163.989,165.66858,163.14921,165.66858,0.1736,168.0,265.33,265.02,5,take_profit,17.99701,0.55986,3.76415,-0.87109,london,2022
GBPJPY,2022-09-08 00:00:00,2022-09-09 12:00:00,165.588,164.59583,164.59583,167.57233,0.1499,-99.2,-135.34,-135.66,9,stop_loss,41.4265,0.66144,4.47385,0.40998,,2022
GBPJPY,2022-09-09 12:00:00,2022-09-13 04:00:00,165.079,166.554,164.06817,167.10066,0.1457,147.5,195.57,195.25,10,time_exit,42.89952,0.67389,2.0437,1.2536,london,2022
GBPJPY,2022-09-13 04:00:00,2022-09-14 04:00:00,166.6,165.62401,165.62401,168.55198,0.1531,-97.6,-135.98,-136.29,6,stop_loss,35.67614,0.65066,3.19591,2.06127,,2022
GBPJPY,2022-09-15 12:00:00,2022-09-16 00:00:00,165.347,164.35548,164.35548,167.33004,0.1492,-99.2,-134.62,-134.94,3,stop_loss,25.14238,0.66101,0.47204,2.29484,london,2022
GBPJPY,2022-09-19 08:00:00,2022-09-21 00:00:00,163.298,163.449,162.34355,165.2069,0.1534,15.1,21.08,20.76,10,time_exit,29.30507,0.6363,-1.97971,1.59589,london,2022
GBPJPY,2022-09-22 04:00:00,2022-09-22 08:00:00,162.146,161.12839,161.12839,164.18122,0.1441,-101.8,-133.44,-133.76,1,stop_loss_ambiguous,29.21611,0.67841,-2.65928,0.63991,,2022
GBPJPY,2022-09-23 00:00:00,2022-09-23 12:00:00,160.216,158.54447,158.54447,163.55907,0.0868,-167.2,-132.03,-132.35,3,stop_loss,37.24416,1.11436,-2.82952,-0.01528,,2022
GBPJPY,2022-09-26 08:00:00,2022-09-26 12:00:00,151.86,157.03481,149.27259,157.03481,0.0555,517.5,261.35,261.04,1,take_profit,55.34205,1.72494,-5.50003,-0.86013,london,2022
GBPJPY,2022-09-30 04:00:00,2022-10-03 20:00:00,161.41,163.659,159.08129,166.06741,0.0629,224.9,128.73,128.41,10,time_exit,27.66559,1.55247,1.8924,-1.94037,,2022
GBPJPY,2022-10-03 20:00:00,2022-10-05 12:00:00,162.951,163.557,160.69174,167.46951,0.0655,60.6,36.12,35.8,10,time_exit,28.50565,1.50617,2.29298,-1.32173,new_york,2022
GBPJPY,2022-10-10 04:00:00,2022-10-11 20:00:00,161.321,159.77708,159.77708,164.40885,0.0961,-154.4,-135.02,-135.34,10,stop_loss,23.45678,1.02928,-0.39293,-0.15327,,2022
GBPJPY,2022-10-12 08:00:00,2022-10-13 12:00:00,160.77,164.11217,159.09892,164.11217,0.0879,334.2,267.34,267.02,7,take_profit,18.58537,1.11406,-0.59008,-0.31211,london,2022
GBPJPY,2022-10-20 20:00:00,2022-10-21 16:00:00,168.725,167.25617,167.25617,171.66265,0.102,-146.9,-136.34,-136.65,5,stop_loss,30.91548,0.97922,2.44248,2.89035,new_york,2022
GBPJPY,2022-10-24 04:00:00,2022-10-25 20:00:00,168.464,169.713,166.35772,172.67655,0.0704,124.9,80.02,79.7,10,time_exit,27.03513,1.40418,1.22005,2.06879,,2022
GBPJPY,2022-11-02 04:00:00,2022-11-03 00:00:00,169.418,168.30094,168.30094,171.65212,0.1336,-111.7,-135.81,-136.13,5,stop_loss,14.06826,0.74471,-0.04973,4.75355,,2022
GBPJPY,2022-11-03 20:00:00,2022-11-07 12:00:00,165.771,168.24621,164.53339,168.24621,0.1194,247.5,268.94,268.62,10,take_profit,29.88192,0.82507,-3.81519,3.40561,new_york,2022
GBPJPY,2022-11-14 12:00:00,2022-11-14 20:00:00,165.656,164.16536,164.16536,168.63728,0.1011,-149.1,-137.14,-137.46,2,stop_loss,30.82372,0.99376,-1.00993,0.45728,london,2022
GBPJPY,2022-11-15 16:00:00,2022-11-15 20:00:00,165.877,164.44915,164.44915,168.7327,0.1045,-142.8,-135.78,-136.1,1,stop_loss,23.55609,0.9519,-0.41809,0.14994,new_york,2022
GBPJPY,2022-11-17 12:00:00,2022-11-21 04:00:00,165.962,166.307,164.73598,168.41403,0.1204,34.5,37.8,37.48,10,time_exit,15.32782,0.81734,-0.18424,0.0196,london,2022
GBPJPY,2022-11-21 04:00:00,2022-11-22 20:00:00,166.353,167.832,165.25671,168.54557,0.1351,147.9,181.83,181.51,10,time_exit,12.53166,0.73086,0.19199,0.12127,,2022
GBPJPY,2022-11-23 20:00:00,2022-11-24 12:00:00,168.229,167.31154,167.31154,170.06391,0.1636,-91.7,-136.59,-136.91,4,stop_loss,18.60673,0.61164,1.97929,1.04248,new_york,2022
GBPJPY,2022-11-25 16:00:00,2022-11-28 00:00:00,168.326,167.43898,167.43898,170.10004,0.1675,-88.7,-135.2,-135.52,2,stop_loss,15.10673,0.59135,1.63794,1.36605,new_york,2022
GBPJPY,2022-11-28 20:00:00,2022-11-29 08:00:00,166.566,165.56332,165.56332,168.57136,0.1467,-100.3,-133.85,-134.17,3,stop_loss,15.90971,0.66845,-1.11412,1.07956,new_york,2022
GBPJPY,2022-12-06 08:00:00,2022-12-08 00:00:00,167.007,166.767,165.8785,169.264,0.129,-24.0,-28.17,-28.49,10,time_exit,15.3314,0.75233,0.91207,-0.1131,london,2022
GBPJPY,2022-12-15 00:00:00,2022-12-16 08:00:00,168.321,167.23324,167.23324,170.49652,0.1336,-108.8,-132.25,-132.56,8,stop_loss,18.5462,0.72517,1.41068,0.80418,,2022
GBPJPY,2022-12-20 08:00:00,2022-12-20 16:00:00,161.034,159.35472,159.35472,164.39257,0.0856,-167.9,-130.81,-131.13,2,stop_loss,25.55117,1.11952,-5.16707,0.10113,london,2022
GBPJPY,2022-12-28 08:00:00,2022-12-29 16:00:00,161.219,160.21495,160.21495,163.22709,0.1418,-100.4,-129.56,-129.88,8,stop_loss,28.33053,0.66936,-1.47649,-4.20538,london,2022
GBPJPY,2023-01-03 04:00:00,2023-01-03 08:00:00,156.847,155.82333,155.82333,158.89435,0.1377,-102.4,-128.27,-128.59,1,stop_loss,35.66187,0.68245,-5.10437,-5.18167,,2023
GBPJPY,2023-01-13 20:00:00,2023-01-17 12:00:00,155.917,157.696,154.83557,158.07987,0.129,177.9,208.84,208.52,10,time_exit,37.80552,0.72096,-4.57916,-3.76092,new_york,2023
GBPJPY,2023-01-17 12:00:00,2023-01-18 04:00:00,157.222,159.15267,156.25667,159.15267,0.1469,193.1,258.09,257.77,4,take_profit,36.31683,0.64356,-1.85606,-4.69812,london,2023
GBPJPY,2023-01-18 04:00:00,2023-01-18 08:00:00,157.936,159.97621,156.9159,159.97621,0.1418,204.0,263.26,262.95,1,take_profit,29.28838,0.68007,-0.52412,-4.40211,,2023
GBPJPY,2023-01-23 12:00:00,2023-01-25 04:00:00,161.074,160.724,159.89953,163.42295,0.1256,-35.0,-40.0,-40.32,10,time_exit,36.09307,0.78298,2.46994,-2.37706,london,2023
GBPJPY,2023-01-27 20:00:00,2023-01-31 12:00:00,160.982,160.04981,160.04981,162.84638,0.1578,-93.2,-133.86,-134.18,10,stop_loss,17.04001,0.62146,1.26049,-1.21333,new_york,2023
GBPJPY,2023-02-08 20:00:00,2023-02-10 08:00:00,158.612,157.73011,157.73011,160.37579,0.1651,-88.2,-132.5,-132.82,9,stop_loss,19.51528,0.58793,-0.67918,-2.1068,new_york,2023
GBPJPY,2023-02-13 20:00:00,2023-02-15 12:00:00,160.884,160.87,159.91906,162.81389,0.1494,-1.4,-1.9,-2.22,10,time_exit,18.87062,0.6433,2.77719,-1.50515,new_york,2023
GBPJPY,2023-02-15 16:00:00,2023-02-17 08:00:00,160.87,161.019,159.90397,162.80206,0.1492,14.9,20.23,19.91,10,time_exit,26.78611,0.64402,1.58975,-0.51676,new_york,2023
GBPJPY,2023-02-21 20:00:00,2023-02-22 16:00:00,163.525,162.7003,162.7003,165.1744,0.1751,-82.5,-131.41,-131.73,5,stop_loss,24.12928,0.5498,4.61479,0.91747,new_york,2023
GBPJPY,2023-02-23 00:00:00,2023-02-23 16:00:00,162.421,161.67498,161.67498,163.91303,0.1916,-74.6,-130.07,-130.39,4,stop_loss,30.53979,0.49734,2.09104,1.64864,,2023
GBPJPY,2023-02-24 00:00:00,2023-02-27 08:00:00,161.724,163.26878,160.95161,163.26878,0.1832,154.5,257.53,257.22,8,take_profit,23.75595,0.51493,0.35098,1.74121,,2023
GBPJPY,2023-03-07 04:00:00,2023-03-07 16:00:00,163.739,162.97806,162.97806,165.26087,0.1897,-76.1,-131.36,-131.68,3,stop_loss,12.93803,0.50729,1.03088,2.94578,,2023
GBPJPY,2023-03-09 04:00:00,2023-03-10 08:00:00,162.311,164.02135,161.45583,164.02135,0.1671,171.0,260.08,259.76,7,take_profit,21.34953,0.57012,-1.17824,2.03135,,2023
GBPJPY,2023-03-20 12:00:00,2023-03-22 04:00:00,159.862,162.031,158.10815,163.3697,0.0831,216.9,164.02,163.7,10,time_exit,18.63559,1.16923,-1.66106,-0.01195,london,2023
GBPJPY,2023-04-04 04:00:00,2023-04-05 16:00:00,164.512,163.43281,163.43281,166.67038,0.1367,-107.9,-134.25,-134.57,9,stop_loss,31.24105,0.71946,2.10377,1.24702,,2023
GBPJPY,2023-04-05 20:00:00,2023-04-07 12:00:00,163.269,164.019,162.10171,165.60357,0.1251,75.0,85.38,85.06,10,time_exit,23.49054,0.77819,-0.25498,1.45845,new_york,2023
GBPJPY,2023-04-10 04:00:00,2023-04-11 20:00:00,164.644,166.117,163.72117,166.48966,0.1593,147.3,213.53,213.21,10,time_exit,12.6233,0.61522,1.6312,1.81629,,2023
GBPJPY,2023-04-12 00:00:00,2023-04-13 16:00:00,166.032,165.854,165.23035,167.6353,0.1863,-17.8,-30.18,-30.5,10,time_exit,15.04799,0.53443,3.49446,2.68827,,2023
GBPJPY,2023-04-20 16:00:00,2023-04-21 04:00:00,167.229,166.46734,166.46734,168.75232,0.1956,-76.2,-135.57,-135.89,3,stop_loss,27.6942,0.50777,1.96953,4.29152,new_york,2023
GBPJPY,2023-04-21 20:00:00,2023-04-25 12:00:00,166.721,166.38,165.9031,168.35679,0.1803,-34.1,-55.95,-56.27,10,time_exit,23.43528,0.54526,0.78293,3.82252,new_york,2023
GBPJPY,2023-04-26 08:00:00,2023-04-28 00:00:00,165.97,167.349,165.16703,167.57594,0.1829,137.9,229.52,229.2,10,time_exit,20.90181,0.53531,-1.06448,3.64346,london,2023
GBPJPY,2023-04-28 00:00:00,2023-04-28 08:00:00,167.273,169.00509,166.40695,169.00509,0.1725,173.2,271.9,271.58,2,take_profit,13.30691,0.57736,1.38234,3.17879,,2023
GBPJPY,2023-04-28 20:00:00,2023-05-02 12:00:00,170.949,171.408,169.76624,173.31453,0.1288,45.9,53.8,53.48,10,time_exit,22.62714,0.78851,4.91388,2.62385,new_york,2023
GBPJPY,2023-05-04 04:00:00,2023-05-04 16:00:00,169.195,168.17653,168.17653,171.23194,0.1502,-101.8,-139.21,-139.53,3,stop_loss,25.04762,0.67898,0.25579,4.37936,,2023
GBPJPY,2023-05-05 04:00:00,2023-05-08 00:00:00,168.774,170.77745,167.77228,170.77745,0.1512,200.3,275.66,275.34,5,take_profit,24.98087,0.66782,-0.34448,4.17031,,2023
GBPJPY,2023-05-11 12:00:00,2023-05-11 16:00:00,169.62,168.81913,168.81913,171.22175,0.1929,-80.1,-140.58,-140.9,1,stop_loss,18.87834,0.53392,-0.20087,4.89232,london,2023
GBPJPY,2023-05-15 08:00:00,2023-05-17 00:00:00,169.595,170.354,168.79477,171.19545,0.1911,75.9,131.99,131.67,10,time_exit,21.49749,0.53348,0.37753,3.95466,london,2023
GBPJPY,2023-05-29 04:00:00,2023-05-30 20:00:00,173.783,173.501,172.94086,175.46727,0.1833,-28.2,-47.04,-47.36,10,time_exit,16.69779,0.56142,3.22674,4.69745,,2023
GBPJPY,2023-06-01 00:00:00,2023-06-02 16:00:00,173.313,174.157,172.47998,174.97903,0.1847,84.4,141.86,141.54,10,time_exit,17.33426,0.55534,1.30123,4.81565,,2023
GBPJPY,2023-06-02 20:00:00,2023-06-05 12:00:00,174.158,173.40587,173.40587,175.66226,0.2066,-75.2,-141.4,-141.72,4,stop_loss,19.11436,0.50142,2.15972,5.40965,new_york,2023
GBPJPY,2023-06-08 00:00:00,2023-06-09 16:00:00,174.166,175.341,173.41684,175.66432,0.2053,117.5,219.52,219.2,10,time_exit,23.4576,0.49944,1.89697,4.92221,,2023
GBPJPY,2023-06-12 00:00:00,2023-06-12 16:00:00,175.104,174.42682,174.42682,176.45836,0.2307,-67.7,-142.16,-142.48,4,stop_loss,18.87711,0.45145,3.16326,5.61435,,2023
GBPJPY,2023-06-15 08:00:00,2023-06-16 08:00:00,178.534,180.15182,177.72509,180.15182,0.1912,161.8,281.49,281.17,6,take_profit,38.34826,0.53927,6.14943,5.55852,london,2023
GBPJPY,2023-06-16 12:00:00,2023-06-20 04:00:00,180.464,181.531,179.51472,182.36256,0.1662,106.7,161.38,161.06,10,time_exit,49.71072,0.63285,6.70685,5.56811,london,2023
GBPJPY,2023-06-20 16:00:00,2023-06-22 08:00:00,180.23,181.386,179.18509,182.31983,0.1527,115.6,160.63,160.32,10,time_exit,49.44747,0.69661,2.70504,6.56518,new_york,2023
GBPJPY,2023-06-27 04:00:00,2023-06-28 20:00:00,182.315,182.561,181.32039,184.30422,0.1622,24.6,36.31,35.99,10,time_exit,21.08991,0.66307,2.47906,7.57434,,2023
GBPJPY,2023-07-03 16:00:00,2023-07-05 08:00:00,183.538,183.511,182.73817,185.13765,0.2022,-2.7,-4.97,-5.29,10,time_exit,13.99579,0.53322,2.50493,9.04291,new_york,2023
GBPJPY,2023-07-06 20:00:00,2023-07-07 08:00:00,183.41,182.50462,182.50462,185.22075,0.1785,-90.5,-147.06,-147.38,3,stop_loss,16.91428,0.60358,0.84567,7.38172,new_york,2023
GBPJPY,2023-07-10 08:00:00,2023-07-10 12:00:00,183.164,182.23327,182.23327,185.02546,0.1719,-93.1,-145.59,-145.91,1,stop_loss,25.65771,0.62049,0.4296,6.56171,london,2023
GBPJPY,2023-07-10 20:00:00,2023-07-12 04:00:00,181.742,180.71188,180.71188,183.80224,0.1538,-103.0,-144.17,-144.49,8,stop_loss,28.86514,0.68675,-1.51948,5.63483,new_york,2023
GBPJPY,2023-07-12 12:00:00,2023-07-12 16:00:00,180.537,179.59513,179.59513,182.42074,0.1665,-94.2,-142.71,-143.03,1,stop_loss,38.54591,0.62791,-2.74822,4.97862,london,2023
GBPJPY,2023-07-12 20:00:00,2023-07-14 12:00:00,179.868,181.93534,178.83433,181.93534,0.1502,206.7,282.57,282.25,10,take_profit,41.79562,0.68911,-3.23726,4.26681,new_york,2023
GBPJPY,2023-07-19 00:00:00,2023-07-19 16:00:00,180.935,179.90497,179.90497,182.99506,0.1537,-103.0,-144.07,-144.39,4,stop_loss,13.82541,0.68669,-0.7855,2.79035,,2023
GBPJPY,2023-07-20 00:00:00,2023-07-21 16:00:00,180.589,182.169,179.51029,182.74642,0.1453,158.0,208.91,208.59,10,time_exit,14.36826,0.71914,-0.85478,2.34164,,2023
GBPJPY,2023-07-21 20:00:00,2023-07-24 12:00:00,182.171,181.02516,181.02516,184.46268,0.1388,-114.6,-144.73,-145.05,4,stop_loss,19.21283,0.76389,1.30531,1.82237,new_york,2023
GBPJPY,2023-07-26 08:00:00,2023-07-26 12:00:00,181.771,180.93777,180.93777,183.43746,0.189,-83.3,-143.31,-143.63,1,stop_loss,11.53731,0.55549,0.71964,2.40127,london,2023
GBPJPY,2023-07-28 00:00:00,2023-07-28 04:00:00,178.344,177.09788,177.09788,180.83624,0.1251,-124.6,-141.86,-142.18,1,stop_loss,14.97993,0.83075,-3.3887,1.36786,,2023
GBPJPY,2023-07-28 12:00:00,2023-07-31 04:00:00,178.875,182.32476,177.15012,182.32476,0.0895,345.0,280.97,280.65,4,take_profit,18.39502,1.14992,-1.78538,0.73614,london,2023
GBPJPY,2023-08-02 00:00:00,2023-08-02 08:00:00,183.131,181.9467,181.9467,185.49959,0.1329,-118.4,-143.23,-143.55,2,stop_loss,23.2529,0.78953,1.89147,1.55132,,2023
GBPJPY,2023-08-02 12:00:00,2023-08-03 12:00:00,182.017,180.87634,180.87634,184.29833,0.1366,-114.1,-141.79,-142.11,6,stop_loss,20.63024,0.76044,0.37898,1.66101,london,2023
GBPJPY,2023-08-07 04:00:00,2023-08-08 00:00:00,180.645,182.63848,179.64826,182.63848,0.1548,199.3,280.82,280.5,5,take_profit,20.71928,0.66449,-1.39246,1.44555,,2023
GBPJPY,2023-08-08 04:00:00,2023-08-08 12:00:00,182.681,181.74564,181.74564,184.55172,0.1682,-93.5,-143.17,-143.49,2,stop_loss,18.82206,0.62357,1.705,1.50197,,2023
GBPJPY,2023-08-09 08:00:00,2023-08-11 00:00:00,182.689,183.646,181.75122,184.56456,0.1661,95.7,144.65,144.33,10,time_exit,14.78049,0.62519,1.36395,1.65469,london,2023
GBPJPY,2023-08-11 20:00:00,2023-08-15 12:00:00,183.926,185.134,183.13748,185.50304,0.1996,120.8,219.42,219.1,10,time_exit,24.90044,0.52568,2.65195,2.6208,new_york,2023
GBPJPY,2023-08-16 08:00:00,2023-08-16 20:00:00,184.829,186.23145,184.12778,186.23145,0.2278,140.2,290.73,290.41,3,take_profit,35.99556,0.46748,2.92611,3.92625,london,2023
GBPJPY,2023-08-22 12:00:00,2023-08-23 08:00:00,186.122,185.35063,185.35063,187.66473,0.2113,-77.1,-148.32,-148.64,5,stop_loss,31.00357,0.51424,2.24221,4.69881,london,2023
GBPJPY,2023-08-30 12:00:00,2023-08-31 16:00:00,185.077,184.35159,184.35159,186.52782,0.2224,-72.5,-146.81,-147.13,7,stop_loss,14.61919,0.48361,0.93126,3.03973,london,2023
GBPJPY,2023-08-31 16:00:00,2023-08-31 20:00:00,185.027,184.28361,184.28361,186.51378,0.2148,-74.3,-145.31,-145.63,1,stop_loss,18.47951,0.49559,0.37112,3.09738,new_york,2023
GBPJPY,2023-09-08 08:00:00,2023-09-11 00:00:00,183.887,183.08518,183.08518,185.49064,0.1972,-80.2,-143.89,-144.21,4,stop_loss,34.27654,0.53455,-1.26833,1.69109,london,2023
GBPJPY,2023-09-26 08:00:00,2023-09-26 16:00:00,181.711,181.06819,181.06819,182.99662,0.2435,-64.3,-142.44,-142.76,2,stop_loss,23.86551,0.42854,-1.82941,-1.68487,london,2023
GBPJPY,2023-09-29 12:00:00,2023-10-02 16:00:00,182.383,181.72067,181.72067,183.70766,0.234,-66.2,-141.04,-141.36,7,stop_loss,26.95118,0.44155,0.7236,-1.96256,london,2023
GBPJPY,2023-10-03 12:00:00,2023-10-03 16:00:00,181.083,180.36259,180.36259,182.52383,0.2129,-72.0,-139.57,-139.89,1,stop_loss,24.96217,0.48028,-1.82853,-1.77568,london,2023
GBPJPY,2023-10-06 16:00:00,2023-10-06 20:00:00,181.123,182.89493,180.23703,182.89493,0.1714,177.2,276.38,276.06,1,take_profit,33.05056,0.59064,-0.37276,-1.88511,new_york,2023
GBPJPY,2023-10-09 04:00:00,2023-10-10 20:00:00,182.239,182.693,181.25013,184.21674,0.1566,45.4,64.7,64.38,10,time_exit,29.60675,0.65925,1.15324,-1.49516,,2023
GBPJPY,2023-10-10 20:00:00,2023-10-12 12:00:00,182.587,183.254,181.71177,184.33746,0.1778,66.7,107.92,107.6,10,time_exit,19.86915,0.58349,1.60018,-1.3123,new_york,2023
GBPJPY,2023-10-13 00:00:00,2023-10-13 16:00:00,182.351,181.562,181.562,183.92899,0.1987,-78.9,-142.66,-142.98,4,stop_loss,21.15259,0.526,0.2827,-0.49336,,2023
GBPJPY,2023-10-17 20:00:00,2023-10-19 04:00:00,182.578,181.72776,181.72776,184.27848,0.1826,-85.0,-141.28,-141.6,8,stop_loss,15.27815,0.56683,0.66777,-0.43237,new_york,2023
GBPJPY,2023-10-19 20:00:00,2023-10-20 08:00:00,182.295,181.51027,181.51027,183.86446,0.1958,-78.5,-139.82,-140.14,3,stop_loss,15.70175,0.52315,0.27167,-0.48954,new_york,2023
GBPJPY,2023-10-20 20:00:00,2023-10-24 08:00:00,182.131,183.63523,181.37889,183.63523,0.2023,150.4,276.92,276.6,9,take_profit,15.13738,0.50141,0.06127,-0.55517,new_york,2023
GBPJPY,2023-10-24 16:00:00,2023-10-25 08:00:00,182.818,182.04505,182.04505,184.3639,0.2007,-77.3,-141.17,-141.49,4,stop_loss,17.24582,0.5153,0.84881,-0.09823,new_york,2023
GBPJPY,2023-10-25 20:00:00,2023-10-26 08:00:00,181.87,181.16936,181.16936,183.27128,0.2192,-70.1,-139.76,-140.08,3,stop_loss,16.58706,0.46709,-0.94691,-0.20037,new_york,2023
GBPJPY,2023-10-26 12:00:00,2023-10-30 04:00:00,181.676,181.209,180.94217,183.14365,0.2072,-46.7,-88.05,-88.37,10,time_exit,19.13195,0.48922,-1.12399,-0.3138,london,2023
GBPJPY,2023-10-30 20:00:00,2023-10-31 08:00:00,181.049,182.6153,180.26585,182.6153,0.1929,156.6,274.95,274.63,3,take_profit,29.22979,0.5221,-1.8135,-0.57475,new_york,2023
GBPJPY,2023-11-01 08:00:00,2023-11-03 00:00:00,183.673,183.319,182.72321,185.57259,0.1623,-35.4,-52.28,-52.6,10,time_exit,30.72316,0.6332,2.08877,-0.02362,london,2023
GBPJPY,2023-11-09 16:00:00,2023-11-13 08:00:00,185.271,185.821,184.59639,186.62021,0.2276,55.0,113.91,113.6,10,time_exit,28.35341,0.44974,2.18437,2.7028,new_york,2023
GBPJPY,2023-11-15 08:00:00,2023-11-15 12:00:00,188.157,187.4575,187.4575,189.55601,0.2213,-70.0,-140.87,-141.19,1,stop_loss,29.04327,0.46634,5.69184,3.90361,london,2023
GBPJPY,2023-11-20 04:00:00,2023-11-20 08:00:00,186.413,185.61423,185.61423,188.01053,0.1918,-79.9,-139.41,-139.73,1,stop_loss,21.57269,0.53251,0.3903,3.75697,,2023
GBPJPY,2023-11-21 08:00:00,2023-11-22 08:00:00,185.117,186.83466,184.25817,186.83466,0.1766,171.8,276.04,275.72,6,take_profit,26.01643,0.57255,-1.56469,3.01751,london,2023
GBPJPY,2023-11-29 12:00:00,2023-11-30 08:00:00,187.12,186.36466,186.36466,188.63067,0.2048,-75.5,-140.77,-141.09,5,stop_loss,14.83367,0.50356,0.21977,3.62994,london,2023
GBPJPY,2023-12-01 16:00:00,2023-12-01 20:00:00,187.155,186.43296,186.43296,188.59908,0.2121,-72.2,-139.36,-139.68,1,stop_loss,11.92805,0.48136,0.32659,3.3143,new_york,2023
GBPJPY,2023-12-07 04:00:00,2023-12-07 08:00:00,184.481,183.74934,183.74934,185.94432,0.2073,-73.2,-138.02,-138.34,1,stop_loss,32.76014,0.48777,-3.4846,1.50754,,2023
GBPJPY,2023-12-11 20:00:00,2023-12-12 12:00:00,183.665,182.27028,182.27028,186.45445,0.1076,-139.5,-136.57,-136.88,4,stop_loss,46.90063,0.92982,-0.69249,-0.6957,new_york,2023
GBPJPY,2023-12-12 20:00:00,2023-12-13 20:00:00,182.733,181.53408,181.53408,185.13084,0.124,-119.9,-135.29,-135.6,6,stop_loss,38.84122,0.79928,-1.59734,-1.03435,new_york,2023
GBPJPY,2023-12-29 16:00:00,2023-12-29 20:00:00,180.418,179.50218,179.50218,182.24964,0.1607,-91.6,-133.93,-134.25,1,stop_loss,21.60698,0.61055,-1.06608,-3.01761,new_york,2023
GBPJPY,2024-01-02 04:00:00,2024-01-02 16:00:00,179.919,178.94986,178.94986,181.85728,0.1503,-96.9,-132.55,-132.87,3,stop_loss,25.79098,0.64609,-1.54575,-2.9401,,2024
GBPJPY,2024-01-10 08:00:00,2024-01-10 20:00:00,183.892,185.67203,183.00198,185.67203,0.162,178.0,262.41,262.09,3,take_profit,28.67114,0.59334,2.3868,-0.44954,london,2024
GBPJPY,2024-01-15 16:00:00,2024-01-17 08:00:00,185.548,187.13975,184.75213,187.13975,0.1848,159.2,267.68,267.36,10,take_profit,29.54724,0.53058,2.91942,1.51572,new_york,2024
GBPJPY,2024-01-17 12:00:00,2024-01-19 04:00:00,187.318,188.768,186.50673,188.94053,0.1849,145.0,243.98,243.66,10,time_exit,28.67232,0.54084,4.9333,2.19312,london,2024
GBPJPY,2024-01-22 04:00:00,2024-01-23 20:00:00,187.913,188.226,187.09565,189.5477,0.1868,31.3,53.21,52.89,10,time_exit,38.13959,0.5449,3.14917,3.80983,,2024
GBPJPY,2024-01-25 16:00:00,2024-01-29 08:00:00,187.698,187.684,186.88111,189.33178,0.1876,-1.4,-2.39,-2.71,10,time_exit,14.81471,0.54459,0.91738,4.30383,new_york,2024
GBPJPY,2024-02-05 00:00:00,2024-02-05 12:00:00,187.352,186.46305,186.46305,189.1299,0.1724,-88.9,-139.46,-139.78,3,stop_loss,24.71518,0.59263,0.63913,2.51045,,2024
GBPJPY,2024-02-08 20:00:00,2024-02-12 12:00:00,188.468,188.136,187.79303,189.81795,0.2248,-33.2,-67.92,-68.24,10,time_exit,20.30162,0.44998,3.15153,2.64295,new_york,2024
GBPJPY,2024-02-12 12:00:00,2024-02-13 12:00:00,188.219,189.35525,187.65087,189.35525,0.2657,113.6,274.73,274.41,6,take_profit,32.54866,0.37875,1.85301,3.70731,london,2024
GBPJPY,2024-02-19 16:00:00,2024-02-21 08:00:00,188.951,189.293,188.37025,190.11251,0.2651,34.2,82.5,82.19,10,time_exit,14.94249,0.38717,0.89035,4.43392,new_york,2024
GBPJPY,2024-02-21 08:00:00,2024-02-22 08:00:00,189.483,190.4905,188.97925,190.4905,0.3074,100.7,281.83,281.51,6,take_profit,13.67708,0.33583,1.8969,5.13806,london,2024
GBPJPY,2024-02-23 16:00:00,2024-02-26 00:00:00,191.008,190.45111,190.45111,192.12179,0.2837,-55.7,-143.77,-144.09,2,stop_loss,29.8908,0.37126,4.13838,5.22334,new_york,2024
GBPJPY,2024-03-05 04:00:00,2024-03-05 20:00:00,190.943,190.34182,190.34182,192.14536,0.2601,-60.1,-142.29,-142.61,4,stop_loss,17.67616,0.40079,1.81002,4.35198,,2024
GBPJPY,2024-03-06 08:00:00,2024-03-07 00:00:00,190.446,189.85773,189.85773,191.62255,0.2632,-58.8,-140.9,-141.22,4,stop_loss,12.67961,0.39218,0.32327,4.331,london,2024
GBPJPY,2024-03-07 20:00:00,2024-03-08 08:00:00,189.462,188.63933,188.63933,191.10734,0.1863,-82.3,-139.47,-139.79,3,stop_loss,24.91157,0.54845,-1.12135,2.50509,new_york,2024
GBPJPY,2024-03-13 04:00:00,2024-03-14 20:00:00,188.552,189.128,187.72009,190.21583,0.1824,57.6,95.61,95.29,10,time_exit,26.98803,0.55461,-1.37965,1.10146,,2024
GBPJPY,2024-03-18 16:00:00,2024-03-19 16:00:00,189.988,191.36912,189.29744,191.36912,0.2212,138.1,278.01,277.69,6,take_profit,18.53216,0.46037,1.28724,1.21297,new_york,2024
GBPJPY,2024-03-26 08:00:00,2024-03-27 12:00:00,191.347,190.64492,190.64492,192.75115,0.222,-70.2,-141.83,-142.15,7,stop_loss,23.22221,0.46805,0.81825,2.8786,london,2024
GBPJPY,2024-03-29 08:00:00,2024-04-01 16:00:00,190.925,190.30606,190.30606,192.16287,0.2492,-61.9,-140.36,-140.68,8,stop_loss,19.42596,0.41262,-0.27947,2.84378,london,2024
GBPJPY,2024-04-01 20:00:00,2024-04-03 12:00:00,190.314,190.92,189.72063,191.50073,0.2574,60.6,141.95,141.63,10,time_exit,19.70341,0.39558,-1.78709,2.67203,new_york,2024
GBPJPY,2024-04-04 12:00:00,2024-04-04 20:00:00,192.119,191.60456,191.60456,193.14788,0.2999,-51.4,-140.39,-140.71,2,stop_loss,26.05129,0.34296,3.10644,2.72987,london,2024
GBPJPY,2024-04-09 12:00:00,2024-04-10 12:00:00,192.298,191.77773,191.77773,193.33853,0.2936,-52.0,-139.0,-139.32,6,stop_loss,18.42384,0.34684,2.56312,2.96775,london,2024
GBPJPY,2024-04-10 20:00:00,2024-04-12 12:00:00,191.685,190.99509,190.99509,193.06482,0.2192,-69.0,-137.62,-137.94,10,stop_loss,23.60389,0.45994,0.08178,2.45252,new_york,2024
GBPJPY,2024-04-17 12:00:00,2024-04-17 16:00:00,192.763,191.93453,191.93453,194.41995,0.1807,-82.8,-136.23,-136.55,1,stop_loss,19.47711,0.55232,1.60382,1.82173,london,2024
GBPJPY,2024-04-17 20:00:00,2024-04-19 04:00:00,191.745,190.88088,190.88088,193.47324,0.1715,-86.4,-134.86,-135.18,8,stop_loss,18.81615,0.57608,-0.26564,1.73609,new_york,2024
GBPJPY,2024-04-22 00:00:00,2024-04-23 16:00:00,191.218,192.674,190.2191,193.21581,0.1469,145.6,194.64,194.32,10,time_exit,20.76058,0.66594,-1.02862,1.39315,,2024
GBPJPY,2024-04-24 16:00:00,2024-04-25 08:00:00,192.785,194.521,191.917,194.521,0.1715,173.6,270.93,270.61,4,take_profit,21.01742,0.57867,1.42056,1.37536,new_york,2024
GBPJPY,2024-04-26 04:00:00,2024-04-26 08:00:00,194.622,196.4035,193.73125,196.4035,0.1704,178.2,276.25,275.93,1,take_profit,24.06085,0.59383,3.3344,2.05078,,2024
GBPJPY,2024-04-26 20:00:00,2024-04-29 04:00:00,196.862,195.67908,195.67908,199.22785,0.1309,-118.3,-140.91,-141.23,2,stop_loss_ambiguous,31.5707,0.78862,4.69794,1.96468,new_york,2024
GBPJPY,2024-04-30 12:00:00,2024-05-01 20:00:00,196.79,194.91635,194.91635,200.53729,0.0818,-187.4,-139.47,-139.79,8,stop_loss,46.33987,1.2491,2.02011,1.75337,london,2024
GBPJPY,2024-05-02 20:00:00,2024-05-06 12:00:00,192.461,193.299,190.56371,196.25558,0.08,83.8,61.01,60.69,10,time_exit,45.73495,1.26486,-1.85745,1.7842,new_york,2024
GBPJPY,2024-05-06 12:00:00,2024-05-08 04:00:00,193.412,193.764,191.94813,196.33974,0.1041,35.2,33.35,33.03,10,time_exit,43.0843,0.97591,-0.61326,1.51256,london,2024
GBPJPY,2024-05-10 12:00:00,2024-05-14 04:00:00,195.155,196.359,194.40217,196.66066,0.2029,120.4,222.31,221.99,10,time_exit,14.04161,0.50189,2.01049,2.53198,london,2024
GBPJPY,2024-05-15 12:00:00,2024-05-16 00:00:00,196.31,195.58664,195.58664,197.75672,0.2146,-72.3,-141.26,-141.58,3,stop_loss,16.83445,0.48224,2.36373,3.683,london,2024
GBPJPY,2024-05-21 04:00:00,2024-05-22 20:00:00,198.808,199.415,198.0615,200.301,0.2058,60.7,113.68,113.36,10,time_exit,16.60318,0.49767,4.69607,4.66064,,2024
GBPJPY,2024-05-22 20:00:00,2024-05-24 12:00:00,199.43,199.779,198.7653,200.7594,0.2331,34.9,74.03,73.71,10,time_exit,20.27674,0.44313,4.91871,5.99682,new_york,2024
GBPJPY,2024-05-27 00:00:00,2024-05-28 16:00:00,199.8,200.551,199.15402,201.09195,0.2411,75.1,164.77,164.45,10,time_exit,25.36284,0.43065,3.96402,6.92835,,2024
GBPJPY,2024-05-30 04:00:00,2024-05-30 08:00:00,199.753,199.20815,199.20815,200.84269,0.2891,-54.5,-143.34,-143.66,1,stop_loss,27.26862,0.36323,1.2326,8.89295,,2024
GBPJPY,2024-05-30 16:00:00,2024-06-03 04:00:00,199.326,200.58511,198.69645,200.58511,0.2477,125.9,283.81,283.49,9,take_profit,30.80709,0.4197,0.0075,7.4997,new_york,2024
GBPJPY,2024-06-06 00:00:00,2024-06-07 08:00:00,199.552,198.59665,198.59665,201.4627,0.1665,-95.5,-144.75,-145.07,8,stop_loss,26.83592,0.6369,0.41392,3.81505,,2024
GBPJPY,2024-06-12 16:00:00,2024-06-13 16:00:00,200.72,199.95574,199.95574,202.24853,0.206,-76.4,-143.27,-143.59,6,stop_loss,10.52722,0.50951,2.00075,4.08706,new_york,2024
GBPJPY,2024-06-18 04:00:00,2024-06-19 20:00:00,200.415,201.051,199.51611,202.21278,0.1734,63.6,100.36,100.04,10,time_exit,10.69029,0.59926,0.7,3.13478,,2024
GBPJPY,2024-06-25 00:00:00,2024-06-26 16:00:00,202.424,202.821,201.62363,204.02474,0.1961,39.7,70.85,70.53,10,time_exit,15.47782,0.53358,2.88402,3.84282,,2024
GBPJPY,2024-06-26 20:00:00,2024-06-28 12:00:00,202.82,203.053,202.12325,204.2135,0.2264,23.3,48.0,47.69,10,time_exit,10.7852,0.4645,2.77829,4.83838,new_york,2024
GBPJPY,2024-06-28 20:00:00,2024-07-01 16:00:00,203.351,204.67937,202.68681,204.67937,0.2383,132.8,288.06,287.74,5,take_profit,17.5002,0.44279,2.7401,5.4696,new_york,2024
GBPJPY,2024-07-02 20:00:00,2024-07-03 16:00:00,204.692,205.96548,204.05526,205.96548,0.2536,127.3,293.89,293.57,5,take_profit,25.78762,0.42449,4.18802,6.35635,new_york,2024
GBPJPY,2024-07-05 12:00:00,2024-07-09 04:00:00,205.414,206.164,204.77234,206.69732,0.2566,75.0,175.13,174.81,10,time_exit,31.575,0.42777,2.9326,7.37989,london,2024
GBPJPY,2024-07-10 04:00:00,2024-07-10 16:00:00,206.445,207.6744,205.8303,207.6744,0.271,122.9,303.18,302.86,3,take_profit,22.8713,0.4098,3.28422,8.14358,,2024
GBPJPY,2024-07-10 20:00:00,2024-07-11 12:00:00,207.705,207.07079,207.07079,208.97342,0.2679,-63.4,-154.61,-154.93,4,stop_loss,27.01261,0.42281,5.52182,8.06137,new_york,2024
GBPJPY,2024-07-12 12:00:00,2024-07-12 16:00:00,205.976,204.86076,204.86076,208.20647,0.1508,-111.5,-153.04,-153.36,1,stop_loss,36.39242,0.74349,0.44118,4.40291,london,2024
GBPJPY,2024-07-17 08:00:00,2024-07-17 12:00:00,205.182,204.29577,204.29577,206.95446,0.1879,-88.6,-151.54,-151.85,1,stop_loss,33.98837,0.59082,-0.47028,4.46087,london,2024
GBPJPY,2024-07-17 12:00:00,2024-07-18 00:00:00,203.565,202.54697,202.54697,205.60107,0.162,-101.8,-150.08,-150.4,3,stop_loss,35.24255,0.67869,-2.68527,3.76289,london,2024
GBPJPY,2024-07-19 04:00:00,2024-07-22 08:00:00,203.506,202.45376,202.45376,205.61047,0.1551,-105.2,-148.51,-148.83,7,stop_loss,41.79895,0.70149,-1.72897,2.61792,,2024
GBPJPY,2024-07-23 16:00:00,2024-07-24 04:00:00,201.371,200.3307,200.3307,203.45159,0.1553,-104.0,-147.02,-147.34,3,stop_loss,47.19413,0.69353,-3.55582,1.38273,new_york,2024
GBPJPY,2024-07-24 12:00:00,2024-07-24 16:00:00,199.721,198.59074,198.59074,201.98152,0.1415,-113.0,-145.54,-145.86,1,stop_loss,55.50801,0.75351,-4.62163,0.59421,london,2024
GBPJPY,2024-07-26 20:00:00,2024-07-30 12:00:00,197.987,198.773,196.4268,201.10741,0.1015,78.6,72.6,72.28,10,time_exit,56.3988,1.04014,-2.85289,-1.12904,new_york,2024
GBPJPY,2024-08-05 04:00:00,2024-08-05 08:00:00,186.03,183.80422,183.80422,190.48156,0.0715,-222.6,-144.82,-145.14,1,stop_loss,44.02788,1.48385,-5.98691,-3.28449,,2024
GBPJPY,2024-08-14 20:00:00,2024-08-15 20:00:00,188.648,191.78942,187.07729,191.78942,0.1003,314.1,286.73,286.41,6,take_profit,16.70101,1.04714,-0.06396,-6.0428,new_york,2024
GBPJPY,2024-08-19 20:00:00,2024-08-21 12:00:00,190.184,190.165,188.711,193.13001,0.1091,-1.9,-1.89,-2.2,10,time_exit,22.74217,0.982,0.58031,-4.7604,new_york,2024
GBPJPY,2024-09-03 08:00:00,2024-09-03 12:00:00,192.327,191.24434,191.24434,194.49232,0.1484,-108.3,-146.21,-146.53,1,stop_loss,21.72547,0.72177,1.41313,-2.06411,london,2024
GBPJPY,2024-09-03 12:00:00,2024-09-04 00:00:00,191.33,190.18121,190.18121,193.62758,0.1385,-114.9,-144.79,-145.11,3,stop_loss,20.43983,0.76586,0.04386,-1.92459,london,2024
GBPJPY,2024-09-06 04:00:00,2024-09-06 08:00:00,188.685,187.46895,187.46895,191.11709,0.1295,-121.6,-143.3,-143.62,1,stop_loss,34.76908,0.8107,-2.20768,-2.27732,,2024
GBPJPY,2024-09-17 04:00:00,2024-09-18 20:00:00,185.704,187.969,184.46933,188.17335,0.1263,226.5,260.32,260.0,10,time_exit,31.11,0.82312,-1.16559,-4.27623,,2024
GBPJPY,2024-09-23 00:00:00,2024-09-23 08:00:00,191.642,190.14407,190.14407,194.63786,0.106,-149.8,-144.49,-144.81,2,stop_loss,27.11556,0.99862,3.59537,-1.80708,,2024
GBPJPY,2024-09-23 12:00:00,2024-09-25 04:00:00,190.565,192.214,189.03975,193.61549,0.103,164.9,154.56,154.24,10,time_exit,27.43702,1.01683,2.08665,-1.44104,london,2024
GBPJPY,2024-09-27 20:00:00,2024-10-01 12:00:00,190.727,191.842,189.01568,194.14964,0.0928,111.5,94.16,93.84,10,time_exit,32.9494,1.14088,-0.42382,0.59088,new_york,2024
GBPJPY,2024-10-03 20:00:00,2024-10-07 12:00:00,192.571,193.788,190.87663,195.95974,0.0944,121.7,104.55,104.23,10,time_exit,17.39631,1.12958,0.61296,0.88658,new_york,2024
GBPJPY,2024-10-11 16:00:00,2024-10-15 08:00:00,194.747,195.038,193.73655,196.76791,0.1594,29.1,42.21,41.89,10,time_exit,10.91084,0.67364,1.56448,2.72553,new_york,2024
GBPJPY,2024-10-17 12:00:00,2024-10-21 04:00:00,194.455,194.721,193.60435,196.15631,0.1899,26.6,45.97,45.65,10,time_exit,18.66362,0.5671,0.1062,3.36571,london,2024
GBPJPY,2024-10-23 00:00:00,2024-10-23 08:00:00,196.142,197.93826,195.24387,197.93826,0.1804,179.6,294.88,294.56,2,take_profit,21.41395,0.59875,1.92694,3.30903,,2024
GBPJPY,2024-10-30 20:00:00,2024-10-31 04:00:00,198.987,197.88579,197.88579,201.18941,0.1501,-110.1,-150.41,-150.73,2,stop_loss,19.57116,0.73414,1.94226,4.08948,new_york,2024
GBPJPY,2024-10-31 08:00:00,2024-10-31 16:00:00,198.029,196.95677,196.95677,200.17346,0.1526,-107.2,-148.9,-149.21,2,stop_loss,17.45412,0.71482,0.49902,4.19146,london,2024
GBPJPY,2024-10-31 16:00:00,2024-10-31 20:00:00,198.17,197.04086,197.04086,200.42827,0.1434,-112.9,-147.35,-147.66,1,stop_loss,18.71545,0.75276,0.62556,3.92594,new_york,2024
GBPJPY,2024-11-01 04:00:00,2024-11-04 20:00:00,196.05,197.099,194.72921,198.69159,0.1214,104.9,115.89,115.57,10,time_exit,24.67665,0.88053,-1.6634,3.104,,2024
GBPJPY,2024-11-07 16:00:00,2024-11-08 04:00:00,199.125,197.97879,197.97879,201.41742,0.141,-114.6,-147.07,-147.39,3,stop_loss,22.56763,0.76414,1.61533,3.0986,new_york,2024
GBPJPY,2024-11-13 12:00:00,2024-11-15 04:00:00,197.515,198.306,196.58245,199.3801,0.1715,79.1,123.45,123.13,10,time_exit,12.77967,0.6217,-0.38638,2.86365,london,2024
GBPJPY,2024-11-25 00:00:00,2024-11-26 00:00:00,194.046,192.78189,192.78189,196.57422,0.1276,-126.4,-146.78,-147.1,6,stop_loss,30.21743,0.84274,-2.20313,-0.08656,,2024
GBPJPY,2024-11-27 04:00:00,2024-11-28 20:00:00,191.829,192.252,190.61038,194.26623,0.1311,42.3,50.46,50.15,10,time_exit,36.32613,0.81241,-3.62099,-1.02428,,2024
GBPJPY,2024-12-06 04:00:00,2024-12-09 20:00:00,191.22,192.824,190.01541,193.62918,0.133,160.4,194.13,193.81,10,time_exit,22.03682,0.80306,-0.38785,-3.02391,,2024
GBPJPY,2024-12-12 00:00:00,2024-12-12 16:00:00,194.359,193.26907,193.26907,196.53887,0.149,-109.0,-147.78,-148.1,4,stop_loss,26.18702,0.72662,2.63424,-1.73211,,2024
GBPJPY,2024-12-18 04:00:00,2024-12-18 20:00:00,195.221,194.23716,194.23716,197.18869,0.1634,-98.4,-146.29,-146.61,4,stop_loss,16.66071,0.6559,2.07582,-0.08546,,2024
GBPJPY,2024-12-20 04:00:00,2024-12-23 20:00:00,196.434,196.989,194.91589,199.47023,0.1048,55.5,52.93,52.61,10,time_exit,25.31586,1.01208,1.69037,0.55982,,2024
GBPJPY,2024-12-24 04:00:00,2024-12-26 20:00:00,196.808,197.942,195.75114,198.92172,0.1511,113.4,155.93,155.61,10,time_exit,21.63179,0.70457,1.88399,1.47036,,2024
GBPJPY,2024-12-26 20:00:00,2024-12-30 12:00:00,197.802,197.668,196.9235,199.559,0.1838,-13.4,-22.41,-22.73,10,time_exit,24.78366,0.58567,2.96961,2.31562,new_york,2024
